0.000000  15.669270
0.000020  18.744510
0.000040  22.433520
0.000060  26.836140
0.000080  32.088300
0.000100  38.403600
0.000120  45.940500
0.000140  54.957000
0.000160  65.742900
0.000180  78.681300
0.000200  94.123200
0.000220  112.596000
0.000240  134.694000
0.000260  161.202300
0.000280  192.752100
0.000300  230.581800
0.000320  275.961300
0.000340  329.970000
0.000360  394.911000
0.000380  472.416000
0.000400  565.131000
0.000420  676.044000
0.000440  808.722000
0.000460  967.002000
0.000480  1156.785000
0.000500  1383.816000
0.000520  1656.156000
0.000540  1979.388000
0.000560  2367.864000
0.000580  2833.869000
0.000600  3390.030000
0.000620  4057.230000
0.000640  4853.490000
0.000660  5460.270000
0.000680  6026.670000
0.000700  6520.020000
0.000720  6870.120000
0.000740  7005.810000
0.000760  7144.170000
0.000780  7053.750000
0.000800  6826.530000
0.000820  6475.710000
0.000840  5944.980000
0.000860  5460.270000
0.000880  4787.700000
0.000900  4173.270000
0.000920  3590.010000
0.000940  3027.060000
0.000960  2536.191000
0.000980  2097.096000
0.001000  1700.427000
0.001020  1405.380000
0.001040  1147.353000
0.001060  924.426000
0.001080  754.701000
0.001100  620.076000
0.001120  512.484000
0.001140  423.756000
0.001160  350.388000
0.001180  293.436300
0.001200  242.852400
0.001220  206.079000
0.001240  173.764500
0.001260  151.395300
0.001280  128.587800
0.001300  112.034400
0.001320  96.991800
0.001340  85.627500
0.001360  74.603700
0.001380  66.706800
0.001400  59.727000
0.001420  53.380500
0.001440  48.407400
0.001460  43.579800
0.001480  40.008300
0.001500  36.997800
0.001520  34.182600
0.001540  31.812300
0.001560  29.795700
0.001580  28.277340
0.001600  26.292600
0.001620  25.112100
0.001640  23.681190
0.001660  22.474260
0.001680  21.612240
0.001700  20.501580
0.001720  19.967820
0.001740  19.201830
0.001760  18.583230
0.001780  17.862210
0.001800  17.176980
0.001820  16.623630
0.001840  16.198230
0.001860  15.978750
0.001880  15.569730
0.001900  15.164400
0.001920  14.864010
0.001940  14.576130
0.001960  14.293800
0.001980  14.016960
0.002000  13.745460
0.002020  13.745460
0.002040  13.571580
0.002060  13.479330
0.002080  13.039080
0.002100  13.039080
0.002120  12.874110
0.002140  12.786510
0.002160  12.624750
0.002180  12.699600
0.002200  12.538950
0.002220  12.374610
0.002240  12.212490
0.002260  12.296100
0.002280  12.212490
0.002300  12.212490
0.002320  11.975970
0.002340  12.057930
0.002360  12.057930
0.002380  12.057930
0.002400  11.899980
0.002420  11.899980
0.002440  11.744010
0.002460  11.744010
0.002480  11.819010
0.002500  11.664180
0.002520  11.664180
0.002540  11.819010
0.002560  11.744010
0.002580  11.744010
0.002600  11.744010
0.002620  11.664180
0.002640  11.664180
0.002660  11.664180
0.002680  11.595360
0.002700  11.744010
0.002720  11.664180
0.002740  11.744010
0.002760  11.664180
0.002780  11.664180
0.002800  11.595360
0.002820  11.664180
0.002840  11.516550
0.002860  11.516550
0.002880  11.744010
0.002900  11.516550
0.002920  11.664180
0.002940  11.595360
0.002960  11.664180
0.002980  11.744010
0.003000  11.595360
0.00302  11.5837202571
0.00304  11.5720805143
0.00306  11.5604407714
0.00308  11.5488010286
0.0031  11.5371612857
0.00312  11.5255215429
0.00314  11.5138818
0.00316  11.5022420571
0.00318  11.4906023143
0.0032  11.4789625714
0.00322  11.4673228286
0.00324  11.4556830857
0.00326  11.4440433429
0.00328  11.4324036
0.0033  11.4207638571
0.00332  11.4091241143
0.00334  11.3974843714
0.00336  11.3858446286
0.00338  11.3742048857
0.0034  11.3625651429
0.00342  11.3509254
0.00344  11.3392856571
0.00346  11.3276459143
0.00348  11.3160061714
0.0035  11.3043664286
0.00352  11.2927266857
0.00354  11.2810869429
0.00356  11.2694472
0.00358  11.2578074571
0.0036  11.2461677143
0.00362  11.2345279714
0.00364  11.2228882286
0.00366  11.2112484857
0.00368  11.1996087429
0.0037  11.187969
0.00372  11.1763292571
0.00374  11.1646895143
0.00376  11.1530497714
0.00378  11.1414100286
0.0038  11.1297702857
0.00382  11.1181305429
0.00384  11.1064908
0.00386  11.0948510571
0.00388  11.0832113143
0.0039  11.0715715714
0.00392  11.0599318286
0.00394  11.0482920857
0.00396  11.0366523429
0.00398  11.0250126
0.004  11.0133728571
0.00402  11.0017331143
0.00404  10.9900933714
0.00406  10.9784536286
0.00408  10.9668138857
0.0041  10.9551741429
0.00412  10.9435344
0.00414  10.9318946571
0.00416  10.9202549143
0.00418  10.9086151714
0.0042  10.8969754286
0.00422  10.8853356857
0.00424  10.8736959429
0.00426  10.8620562
0.00428  10.8504164571
0.0043  10.8387767143
0.00432  10.8271369714
0.00434  10.8154972286
0.00436  10.8038574857
0.00438  10.7922177429
0.0044  10.780578
0.00442  10.7689382571
0.00444  10.7572985143
0.00446  10.7456587714
0.00448  10.7340190286
0.0045  10.7223792857
0.00452  10.7107395429
0.00454  10.6990998
0.00456  10.6874600571
0.00458  10.6758203143
0.0046  10.6641805714
0.00462  10.6525408286
0.00464  10.6409010857
0.00466  10.6292613429
0.00468  10.6176216
0.0047  10.6059818571
0.00472  10.5943421143
0.00474  10.5827023714
0.00476  10.5710626286
0.00478  10.5594228857
0.0048  10.5477831429
0.00482  10.5361434
0.00484  10.5245036571
0.00486  10.5128639143
0.00488  10.5012241714
0.0049  10.4895844286
0.00492  10.4779446857
0.00494  10.4663049429
0.00496  10.4546652
0.00498  10.4430254571
0.005  10.4313857143
0.00502  10.4197459714
0.00504  10.4081062286
0.00506  10.3964664857
0.00508  10.3848267429
0.0051  10.373187
0.00512  10.3615472571
0.00514  10.3499075143
0.00516  10.3382677714
0.00518  10.3266280286
0.0052  10.3149882857
0.00522  10.3033485429
0.00524  10.2917088
0.00526  10.2800690571
0.00528  10.2684293143
0.0053  10.2567895714
0.00532  10.2451498286
0.00534  10.2335100857
0.00536  10.2218703429
0.00538  10.2102306
0.0054  10.1985908571
0.00542  10.1869511143
0.00544  10.1753113714
0.00546  10.1636716286
0.00548  10.1520318857
0.0055  10.1403921429
0.00552  10.1287524
0.00554  10.1171126571
0.00556  10.1054729143
0.00558  10.0938331714
0.0056  10.0821934286
0.00562  10.0705536857
0.00564  10.0589139429
0.00566  10.0472742
0.00568  10.0356344571
0.0057  10.0239947143
0.00572  10.0123549714
0.00574  10.0007152286
0.00576  9.98907548571
0.00578  9.97743574286
0.0058  9.965796
0.00582  9.95415625714
0.00584  9.94251651429
0.00586  9.93087677143
0.00588  9.91923702857
0.0059  9.90759728571
0.00592  9.89595754286
0.00594  9.8843178
0.00596  9.87267805714
0.00598  9.86103831429
0.006  9.84939857143
0.00602  9.83775882857
0.00604  9.82611908571
0.00606  9.81447934286
0.00608  9.8028396
0.0061  9.79119985714
0.00612  9.77956011429
0.00614  9.76792037143
0.00616  9.75628062857
0.00618  9.74464088571
0.0062  9.73300114286
0.00622  9.7213614
0.00624  9.70972165714
0.00626  9.69808191429
0.00628  9.68644217143
0.0063  9.67480242857
0.00632  9.66316268571
0.00634  9.65152294286
0.00636  9.6398832
0.00638  9.62824345714
0.0064  9.61660371429
0.00642  9.60496397143
0.00644  9.59332422857
0.00646  9.58168448571
0.00648  9.57004474286
0.0065  9.558405
0.00652  9.54676525714
0.00654  9.53512551429
0.00656  9.52348577143
0.00658  9.51184602857
0.0066  9.50020628571
0.00662  9.48856654286
0.00664  9.4769268
0.00666  9.46528705714
0.00668  9.45364731429
0.0067  9.44200757143
0.00672  9.43036782857
0.00674  9.41872808571
0.00676  9.40708834286
0.00678  9.3954486
0.0068  9.38380885714
0.00682  9.37216911429
0.00684  9.36052937143
0.00686  9.34888962857
0.00688  9.33724988571
0.0069  9.32561014286
0.00692  9.3139704
0.00694  9.30233065714
0.00696  9.29069091429
0.00698  9.27905117143
0.007  9.26741142857
0.00702  9.25577168571
0.00704  9.24413194286
0.00706  9.2324922
0.00708  9.22085245714
0.0071  9.20921271429
0.00712  9.19757297143
0.00714  9.18593322857
0.00716  9.17429348571
0.00718  9.16265374286
0.0072  9.151014
0.00722  9.13937425714
0.00724  9.12773451429
0.00726  9.11609477143
0.00728  9.10445502857
0.0073  9.09281528571
0.00732  9.08117554286
0.00734  9.0695358
0.00736  9.05789605714
0.00738  9.04625631429
0.0074  9.03461657143
0.00742  9.02297682857
0.00744  9.01133708571
0.00746  8.99969734286
0.00748  8.9880576
0.0075  8.97641785714
0.00752  8.96477811429
0.00754  8.95313837143
0.00756  8.94149862857
0.00758  8.92985888571
0.0076  8.91821914286
0.00762  8.9065794
0.00764  8.89493965714
0.00766  8.88329991429
0.00768  8.87166017143
0.0077  8.86002042857
0.00772  8.84838068571
0.00774  8.83674094286
0.00776  8.8251012
0.00778  8.81346145714
0.0078  8.80182171429
0.00782  8.79018197143
0.00784  8.77854222857
0.00786  8.76690248571
0.00788  8.75526274286
0.0079  8.743623
0.00792  8.73198325714
0.00794  8.72034351429
0.00796  8.70870377143
0.00798  8.69706402857
0.008  8.68542428571
0.00802  8.67378454286
0.00804  8.6621448
0.00806  8.65050505714
0.00808  8.63886531429
0.0081  8.62722557143
0.00812  8.61558582857
0.00814  8.60394608571
0.00816  8.59230634286
0.00818  8.5806666
0.0082  8.56902685714
0.00822  8.55738711429
0.00824  8.54574737143
0.00826  8.53410762857
0.00828  8.52246788571
0.0083  8.51082814286
0.00832  8.4991884
0.00834  8.48754865714
0.00836  8.47590891429
0.00838  8.46426917143
0.0084  8.45262942857
0.00842  8.44098968571
0.00844  8.42934994286
0.00846  8.4177102
0.00848  8.40607045714
0.0085  8.39443071429
0.00852  8.38279097143
0.00854  8.37115122857
0.00856  8.35951148571
0.00858  8.34787174286
0.0086  8.336232
0.00862  8.32459225714
0.00864  8.31295251429
0.00866  8.30131277143
0.00868  8.28967302857
0.0087  8.27803328571
0.00872  8.26639354286
0.00874  8.2547538
0.00876  8.24311405714
0.00878  8.23147431429
0.0088  8.21983457143
0.00882  8.20819482857
0.00884  8.19655508571
0.00886  8.18491534286
0.00888  8.1732756
0.0089  8.16163585714
0.00892  8.14999611429
0.00894  8.13835637143
0.00896  8.12671662857
0.00898  8.11507688571
0.009  8.10343714286
0.00902  8.0917974
0.00904  8.08015765714
0.00906  8.06851791429
0.00908  8.05687817143
0.0091  8.04523842857
0.00912  8.03359868571
0.00914  8.02195894286
0.00916  8.0103192
0.00918  7.99867945714
0.0092  7.98703971429
0.00922  7.97539997143
0.00924  7.96376022857
0.00926  7.95212048571
0.00928  7.94048074286
0.0093  7.928841
0.00932  7.91720125714
0.00934  7.90556151429
0.00936  7.89392177143
0.00938  7.88228202857
0.0094  7.87064228571
0.00942  7.85900254286
0.00944  7.8473628
0.00946  7.83572305714
0.00948  7.82408331429
0.0095  7.81244357143
0.00952  7.80080382857
0.00954  7.78916408571
0.00956  7.77752434286
0.00958  7.7658846
0.0096  7.75424485714
0.00962  7.74260511429
0.00964  7.73096537143
0.00966  7.71932562857
0.00968  7.70768588571
0.0097  7.69604614286
0.00972  7.6844064
0.00974  7.67276665714
0.00976  7.66112691429
0.00978  7.64948717143
0.0098  7.63784742857
0.00982  7.62620768571
0.00984  7.61456794286
0.00986  7.6029282
0.00988  7.59128845714
0.0099  7.57964871429
0.00992  7.56800897143
0.00994  7.55636922857
0.00996  7.54472948571
0.00998  7.53308974286
0.01  15.669270
0.01002  18.744510
0.01004  22.433520
0.01006  26.836140
0.01008  32.088300
0.0101  38.403600
0.01012  45.940500
0.01014  54.957000
0.01016  65.742900
0.01018  78.681300
0.0102  94.123200
0.01022  112.596000
0.01024  134.694000
0.01026  161.202300
0.01028  192.752100
0.0103  230.581800
0.01032  275.961300
0.01034  329.970000
0.01036  394.911000
0.01038  472.416000
0.0104  565.131000
0.01042  676.044000
0.01044  808.722000
0.01046  967.002000
0.01048  1156.785000
0.0105  1383.816000
0.01052  1656.156000
0.01054  1979.388000
0.01056  2367.864000
0.01058  2833.869000
0.0106  3390.030000
0.01062  4057.230000
0.01064  4853.490000
0.01066  5460.270000
0.01068  6026.670000
0.0107  6520.020000
0.01072  6870.120000
0.01074  7005.810000
0.01076  7144.170000
0.01078  7053.750000
0.0108  6826.530000
0.01082  6475.710000
0.01084  5944.980000
0.01086  5460.270000
0.01088  4787.700000
0.0109  4173.270000
0.01092  3590.010000
0.01094  3027.060000
0.01096  2536.191000
0.01098  2097.096000
0.011  1700.427000
0.01102  1405.380000
0.01104  1147.353000
0.01106  924.426000
0.01108  754.701000
0.0111  620.076000
0.01112  512.484000
0.01114  423.756000
0.01116  350.388000
0.01118  293.436300
0.0112  242.852400
0.01122  206.079000
0.01124  173.764500
0.01126  151.395300
0.01128  128.587800
0.0113  112.034400
0.01132  96.991800
0.01134  85.627500
0.01136  74.603700
0.01138  66.706800
0.0114  59.727000
0.01142  53.380500
0.01144  48.407400
0.01146  43.579800
0.01148  40.008300
0.0115  36.997800
0.01152  34.182600
0.01154  31.812300
0.01156  29.795700
0.01158  28.277340
0.0116  26.292600
0.01162  25.112100
0.01164  23.681190
0.01166  22.474260
0.01168  21.612240
0.0117  20.501580
0.01172  19.967820
0.01174  19.201830
0.01176  18.583230
0.01178  17.862210
0.0118  17.176980
0.01182  16.623630
0.01184  16.198230
0.01186  15.978750
0.01188  15.569730
0.0119  15.164400
0.01192  14.864010
0.01194  14.576130
0.01196  14.293800
0.01198  14.016960
0.012  13.745460
0.01202  13.745460
0.01204  13.571580
0.01206  13.479330
0.01208  13.039080
0.0121  13.039080
0.01212  12.874110
0.01214  12.786510
0.01216  12.624750
0.01218  12.699600
0.0122  12.538950
0.01222  12.374610
0.01224  12.212490
0.01226  12.296100
0.01228  12.212490
0.0123  12.212490
0.01232  11.975970
0.01234  12.057930
0.01236  12.057930
0.01238  12.057930
0.0124  11.899980
0.01242  11.899980
0.01244  11.744010
0.01246  11.744010
0.01248  11.819010
0.0125  11.664180
0.01252  11.664180
0.01254  11.819010
0.01256  11.744010
0.01258  11.744010
0.0126  11.744010
0.01262  11.664180
0.01264  11.664180
0.01266  11.664180
0.01268  11.595360
0.0127  11.744010
0.01272  11.664180
0.01274  11.744010
0.01276  11.664180
0.01278  11.664180
0.0128  11.595360
0.01282  11.664180
0.01284  11.516550
0.01286  11.516550
0.01288  11.744010
0.0129  11.516550
0.01292  11.664180
0.01294  11.595360
0.01296  11.664180
0.01298  11.744010
0.013  11.595360
0.01302  11.5837202571
0.01304  11.5720805143
0.01306  11.5604407714
0.01308  11.5488010286
0.0131  11.5371612857
0.01312  11.5255215429
0.01314  11.5138818
0.01316  11.5022420571
0.01318  11.4906023143
0.0132  11.4789625714
0.01322  11.4673228286
0.01324  11.4556830857
0.01326  11.4440433429
0.01328  11.4324036
0.0133  11.4207638571
0.01332  11.4091241143
0.01334  11.3974843714
0.01336  11.3858446286
0.01338  11.3742048857
0.0134  11.3625651429
0.01342  11.3509254
0.01344  11.3392856571
0.01346  11.3276459143
0.01348  11.3160061714
0.0135  11.3043664286
0.01352  11.2927266857
0.01354  11.2810869429
0.01356  11.2694472
0.01358  11.2578074571
0.0136  11.2461677143
0.01362  11.2345279714
0.01364  11.2228882286
0.01366  11.2112484857
0.01368  11.1996087429
0.0137  11.187969
0.01372  11.1763292571
0.01374  11.1646895143
0.01376  11.1530497714
0.01378  11.1414100286
0.0138  11.1297702857
0.01382  11.1181305429
0.01384  11.1064908
0.01386  11.0948510571
0.01388  11.0832113143
0.0139  11.0715715714
0.01392  11.0599318286
0.01394  11.0482920857
0.01396  11.0366523429
0.01398  11.0250126
0.014  11.0133728571
0.01402  11.0017331143
0.01404  10.9900933714
0.01406  10.9784536286
0.01408  10.9668138857
0.0141  10.9551741429
0.01412  10.9435344
0.01414  10.9318946571
0.01416  10.9202549143
0.01418  10.9086151714
0.0142  10.8969754286
0.01422  10.8853356857
0.01424  10.8736959429
0.01426  10.8620562
0.01428  10.8504164571
0.0143  10.8387767143
0.01432  10.8271369714
0.01434  10.8154972286
0.01436  10.8038574857
0.01438  10.7922177429
0.0144  10.780578
0.01442  10.7689382571
0.01444  10.7572985143
0.01446  10.7456587714
0.01448  10.7340190286
0.0145  10.7223792857
0.01452  10.7107395429
0.01454  10.6990998
0.01456  10.6874600571
0.01458  10.6758203143
0.0146  10.6641805714
0.01462  10.6525408286
0.01464  10.6409010857
0.01466  10.6292613429
0.01468  10.6176216
0.0147  10.6059818571
0.01472  10.5943421143
0.01474  10.5827023714
0.01476  10.5710626286
0.01478  10.5594228857
0.0148  10.5477831429
0.01482  10.5361434
0.01484  10.5245036571
0.01486  10.5128639143
0.01488  10.5012241714
0.0149  10.4895844286
0.01492  10.4779446857
0.01494  10.4663049429
0.01496  10.4546652
0.01498  10.4430254571
0.015  10.4313857143
0.01502  10.4197459714
0.01504  10.4081062286
0.01506  10.3964664857
0.01508  10.3848267429
0.0151  10.373187
0.01512  10.3615472571
0.01514  10.3499075143
0.01516  10.3382677714
0.01518  10.3266280286
0.0152  10.3149882857
0.01522  10.3033485429
0.01524  10.2917088
0.01526  10.2800690571
0.01528  10.2684293143
0.0153  10.2567895714
0.01532  10.2451498286
0.01534  10.2335100857
0.01536  10.2218703429
0.01538  10.2102306
0.0154  10.1985908571
0.01542  10.1869511143
0.01544  10.1753113714
0.01546  10.1636716286
0.01548  10.1520318857
0.0155  10.1403921429
0.01552  10.1287524
0.01554  10.1171126571
0.01556  10.1054729143
0.01558  10.0938331714
0.0156  10.0821934286
0.01562  10.0705536857
0.01564  10.0589139429
0.01566  10.0472742
0.01568  10.0356344571
0.0157  10.0239947143
0.01572  10.0123549714
0.01574  10.0007152286
0.01576  9.98907548571
0.01578  9.97743574286
0.0158  9.965796
0.01582  9.95415625714
0.01584  9.94251651429
0.01586  9.93087677143
0.01588  9.91923702857
0.0159  9.90759728571
0.01592  9.89595754286
0.01594  9.8843178
0.01596  9.87267805714
0.01598  9.86103831429
0.016  9.84939857143
0.01602  9.83775882857
0.01604  9.82611908571
0.01606  9.81447934286
0.01608  9.8028396
0.0161  9.79119985714
0.01612  9.77956011429
0.01614  9.76792037143
0.01616  9.75628062857
0.01618  9.74464088571
0.0162  9.73300114286
0.01622  9.7213614
0.01624  9.70972165714
0.01626  9.69808191429
0.01628  9.68644217143
0.0163  9.67480242857
0.01632  9.66316268571
0.01634  9.65152294286
0.01636  9.6398832
0.01638  9.62824345714
0.0164  9.61660371429
0.01642  9.60496397143
0.01644  9.59332422857
0.01646  9.58168448571
0.01648  9.57004474286
0.0165  9.558405
0.01652  9.54676525714
0.01654  9.53512551429
0.01656  9.52348577143
0.01658  9.51184602857
0.0166  9.50020628571
0.01662  9.48856654286
0.01664  9.4769268
0.01666  9.46528705714
0.01668  9.45364731429
0.0167  9.44200757143
0.01672  9.43036782857
0.01674  9.41872808571
0.01676  9.40708834286
0.01678  9.3954486
0.0168  9.38380885714
0.01682  9.37216911429
0.01684  9.36052937143
0.01686  9.34888962857
0.01688  9.33724988571
0.0169  9.32561014286
0.01692  9.3139704
0.01694  9.30233065714
0.01696  9.29069091429
0.01698  9.27905117143
0.017  9.26741142857
0.01702  9.25577168571
0.01704  9.24413194286
0.01706  9.2324922
0.01708  9.22085245714
0.0171  9.20921271429
0.01712  9.19757297143
0.01714  9.18593322857
0.01716  9.17429348571
0.01718  9.16265374286
0.0172  9.151014
0.01722  9.13937425714
0.01724  9.12773451429
0.01726  9.11609477143
0.01728  9.10445502857
0.0173  9.09281528571
0.01732  9.08117554286
0.01734  9.0695358
0.01736  9.05789605714
0.01738  9.04625631429
0.0174  9.03461657143
0.01742  9.02297682857
0.01744  9.01133708571
0.01746  8.99969734286
0.01748  8.9880576
0.0175  8.97641785714
0.01752  8.96477811429
0.01754  8.95313837143
0.01756  8.94149862857
0.01758  8.92985888571
0.0176  8.91821914286
0.01762  8.9065794
0.01764  8.89493965714
0.01766  8.88329991429
0.01768  8.87166017143
0.0177  8.86002042857
0.01772  8.84838068571
0.01774  8.83674094286
0.01776  8.8251012
0.01778  8.81346145714
0.0178  8.80182171429
0.01782  8.79018197143
0.01784  8.77854222857
0.01786  8.76690248571
0.01788  8.75526274286
0.0179  8.743623
0.01792  8.73198325714
0.01794  8.72034351429
0.01796  8.70870377143
0.01798  8.69706402857
0.018  8.68542428571
0.01802  8.67378454286
0.01804  8.6621448
0.01806  8.65050505714
0.01808  8.63886531429
0.0181  8.62722557143
0.01812  8.61558582857
0.01814  8.60394608571
0.01816  8.59230634286
0.01818  8.5806666
0.0182  8.56902685714
0.01822  8.55738711429
0.01824  8.54574737143
0.01826  8.53410762857
0.01828  8.52246788571
0.0183  8.51082814286
0.01832  8.4991884
0.01834  8.48754865714
0.01836  8.47590891429
0.01838  8.46426917143
0.0184  8.45262942857
0.01842  8.44098968571
0.01844  8.42934994286
0.01846  8.4177102
0.01848  8.40607045714
0.0185  8.39443071429
0.01852  8.38279097143
0.01854  8.37115122857
0.01856  8.35951148571
0.01858  8.34787174286
0.0186  8.336232
0.01862  8.32459225714
0.01864  8.31295251429
0.01866  8.30131277143
0.01868  8.28967302857
0.0187  8.27803328571
0.01872  8.26639354286
0.01874  8.2547538
0.01876  8.24311405714
0.01878  8.23147431429
0.0188  8.21983457143
0.01882  8.20819482857
0.01884  8.19655508571
0.01886  8.18491534286
0.01888  8.1732756
0.0189  8.16163585714
0.01892  8.14999611429
0.01894  8.13835637143
0.01896  8.12671662857
0.01898  8.11507688571
0.019  8.10343714286
0.01902  8.0917974
0.01904  8.08015765714
0.01906  8.06851791429
0.01908  8.05687817143
0.0191  8.04523842857
0.01912  8.03359868571
0.01914  8.02195894286
0.01916  8.0103192
0.01918  7.99867945714
0.0192  7.98703971429
0.01922  7.97539997143
0.01924  7.96376022857
0.01926  7.95212048571
0.01928  7.94048074286
0.0193  7.928841
0.01932  7.91720125714
0.01934  7.90556151429
0.01936  7.89392177143
0.01938  7.88228202857
0.0194  7.87064228571
0.01942  7.85900254286
0.01944  7.8473628
0.01946  7.83572305714
0.01948  7.82408331429
0.0195  7.81244357143
0.01952  7.80080382857
0.01954  7.78916408571
0.01956  7.77752434286
0.01958  7.7658846
0.0196  7.75424485714
0.01962  7.74260511429
0.01964  7.73096537143
0.01966  7.71932562857
0.01968  7.70768588571
0.0197  7.69604614286
0.01972  7.6844064
0.01974  7.67276665714
0.01976  7.66112691429
0.01978  7.64948717143
0.0198  7.63784742857
0.01982  7.62620768571
0.01984  7.61456794286
0.01986  7.6029282
0.01988  7.59128845714
0.0199  7.57964871429
0.01992  7.56800897143
0.01994  7.55636922857
0.01996  7.54472948571
0.01998  7.53308974286
0.02  15.669270
0.02002  18.744510
0.02004  22.433520
0.02006  26.836140
0.02008  32.088300
0.0201  38.403600
0.02012  45.940500
0.02014  54.957000
0.02016  65.742900
0.02018  78.681300
0.0202  94.123200
0.02022  112.596000
0.02024  134.694000
0.02026  161.202300
0.02028  192.752100
0.0203  230.581800
0.02032  275.961300
0.02034  329.970000
0.02036  394.911000
0.02038  472.416000
0.0204  565.131000
0.02042  676.044000
0.02044  808.722000
0.02046  967.002000
0.02048  1156.785000
0.0205  1383.816000
0.02052  1656.156000
0.02054  1979.388000
0.02056  2367.864000
0.02058  2833.869000
0.0206  3390.030000
0.02062  4057.230000
0.02064  4853.490000
0.02066  5460.270000
0.02068  6026.670000
0.0207  6520.020000
0.02072  6870.120000
0.02074  7005.810000
0.02076  7144.170000
0.02078  7053.750000
0.0208  6826.530000
0.02082  6475.710000
0.02084  5944.980000
0.02086  5460.270000
0.02088  4787.700000
0.0209  4173.270000
0.02092  3590.010000
0.02094  3027.060000
0.02096  2536.191000
0.02098  2097.096000
0.021  1700.427000
0.02102  1405.380000
0.02104  1147.353000
0.02106  924.426000
0.02108  754.701000
0.0211  620.076000
0.02112  512.484000
0.02114  423.756000
0.02116  350.388000
0.02118  293.436300
0.0212  242.852400
0.02122  206.079000
0.02124  173.764500
0.02126  151.395300
0.02128  128.587800
0.0213  112.034400
0.02132  96.991800
0.02134  85.627500
0.02136  74.603700
0.02138  66.706800
0.0214  59.727000
0.02142  53.380500
0.02144  48.407400
0.02146  43.579800
0.02148  40.008300
0.0215  36.997800
0.02152  34.182600
0.02154  31.812300
0.02156  29.795700
0.02158  28.277340
0.0216  26.292600
0.02162  25.112100
0.02164  23.681190
0.02166  22.474260
0.02168  21.612240
0.0217  20.501580
0.02172  19.967820
0.02174  19.201830
0.02176  18.583230
0.02178  17.862210
0.0218  17.176980
0.02182  16.623630
0.02184  16.198230
0.02186  15.978750
0.02188  15.569730
0.0219  15.164400
0.02192  14.864010
0.02194  14.576130
0.02196  14.293800
0.02198  14.016960
0.022  13.745460
0.02202  13.745460
0.02204  13.571580
0.02206  13.479330
0.02208  13.039080
0.0221  13.039080
0.02212  12.874110
0.02214  12.786510
0.02216  12.624750
0.02218  12.699600
0.0222  12.538950
0.02222  12.374610
0.02224  12.212490
0.02226  12.296100
0.02228  12.212490
0.0223  12.212490
0.02232  11.975970
0.02234  12.057930
0.02236  12.057930
0.02238  12.057930
0.0224  11.899980
0.02242  11.899980
0.02244  11.744010
0.02246  11.744010
0.02248  11.819010
0.0225  11.664180
0.02252  11.664180
0.02254  11.819010
0.02256  11.744010
0.02258  11.744010
0.0226  11.744010
0.02262  11.664180
0.02264  11.664180
0.02266  11.664180
0.02268  11.595360
0.0227  11.744010
0.02272  11.664180
0.02274  11.744010
0.02276  11.664180
0.02278  11.664180
0.0228  11.595360
0.02282  11.664180
0.02284  11.516550
0.02286  11.516550
0.02288  11.744010
0.0229  11.516550
0.02292  11.664180
0.02294  11.595360
0.02296  11.664180
0.02298  11.744010
0.023  11.595360
0.02302  11.5837202571
0.02304  11.5720805143
0.02306  11.5604407714
0.02308  11.5488010286
0.0231  11.5371612857
0.02312  11.5255215429
0.02314  11.5138818
0.02316  11.5022420571
0.02318  11.4906023143
0.0232  11.4789625714
0.02322  11.4673228286
0.02324  11.4556830857
0.02326  11.4440433429
0.02328  11.4324036
0.0233  11.4207638571
0.02332  11.4091241143
0.02334  11.3974843714
0.02336  11.3858446286
0.02338  11.3742048857
0.0234  11.3625651429
0.02342  11.3509254
0.02344  11.3392856571
0.02346  11.3276459143
0.02348  11.3160061714
0.0235  11.3043664286
0.02352  11.2927266857
0.02354  11.2810869429
0.02356  11.2694472
0.02358  11.2578074571
0.0236  11.2461677143
0.02362  11.2345279714
0.02364  11.2228882286
0.02366  11.2112484857
0.02368  11.1996087429
0.0237  11.187969
0.02372  11.1763292571
0.02374  11.1646895143
0.02376  11.1530497714
0.02378  11.1414100286
0.0238  11.1297702857
0.02382  11.1181305429
0.02384  11.1064908
0.02386  11.0948510571
0.02388  11.0832113143
0.0239  11.0715715714
0.02392  11.0599318286
0.02394  11.0482920857
0.02396  11.0366523429
0.02398  11.0250126
0.024  11.0133728571
0.02402  11.0017331143
0.02404  10.9900933714
0.02406  10.9784536286
0.02408  10.9668138857
0.0241  10.9551741429
0.02412  10.9435344
0.02414  10.9318946571
0.02416  10.9202549143
0.02418  10.9086151714
0.0242  10.8969754286
0.02422  10.8853356857
0.02424  10.8736959429
0.02426  10.8620562
0.02428  10.8504164571
0.0243  10.8387767143
0.02432  10.8271369714
0.02434  10.8154972286
0.02436  10.8038574857
0.02438  10.7922177429
0.0244  10.780578
0.02442  10.7689382571
0.02444  10.7572985143
0.02446  10.7456587714
0.02448  10.7340190286
0.0245  10.7223792857
0.02452  10.7107395429
0.02454  10.6990998
0.02456  10.6874600571
0.02458  10.6758203143
0.0246  10.6641805714
0.02462  10.6525408286
0.02464  10.6409010857
0.02466  10.6292613429
0.02468  10.6176216
0.0247  10.6059818571
0.02472  10.5943421143
0.02474  10.5827023714
0.02476  10.5710626286
0.02478  10.5594228857
0.0248  10.5477831429
0.02482  10.5361434
0.02484  10.5245036571
0.02486  10.5128639143
0.02488  10.5012241714
0.0249  10.4895844286
0.02492  10.4779446857
0.02494  10.4663049429
0.02496  10.4546652
0.02498  10.4430254571
0.025  10.4313857143
0.02502  10.4197459714
0.02504  10.4081062286
0.02506  10.3964664857
0.02508  10.3848267429
0.0251  10.373187
0.02512  10.3615472571
0.02514  10.3499075143
0.02516  10.3382677714
0.02518  10.3266280286
0.0252  10.3149882857
0.02522  10.3033485429
0.02524  10.2917088
0.02526  10.2800690571
0.02528  10.2684293143
0.0253  10.2567895714
0.02532  10.2451498286
0.02534  10.2335100857
0.02536  10.2218703429
0.02538  10.2102306
0.0254  10.1985908571
0.02542  10.1869511143
0.02544  10.1753113714
0.02546  10.1636716286
0.02548  10.1520318857
0.0255  10.1403921429
0.02552  10.1287524
0.02554  10.1171126571
0.02556  10.1054729143
0.02558  10.0938331714
0.0256  10.0821934286
0.02562  10.0705536857
0.02564  10.0589139429
0.02566  10.0472742
0.02568  10.0356344571
0.0257  10.0239947143
0.02572  10.0123549714
0.02574  10.0007152286
0.02576  9.98907548571
0.02578  9.97743574286
0.0258  9.965796
0.02582  9.95415625714
0.02584  9.94251651429
0.02586  9.93087677143
0.02588  9.91923702857
0.0259  9.90759728571
0.02592  9.89595754286
0.02594  9.8843178
0.02596  9.87267805714
0.02598  9.86103831429
0.026  9.84939857143
0.02602  9.83775882857
0.02604  9.82611908571
0.02606  9.81447934286
0.02608  9.8028396
0.0261  9.79119985714
0.02612  9.77956011429
0.02614  9.76792037143
0.02616  9.75628062857
0.02618  9.74464088571
0.0262  9.73300114286
0.02622  9.7213614
0.02624  9.70972165714
0.02626  9.69808191429
0.02628  9.68644217143
0.0263  9.67480242857
0.02632  9.66316268571
0.02634  9.65152294286
0.02636  9.6398832
0.02638  9.62824345714
0.0264  9.61660371429
0.02642  9.60496397143
0.02644  9.59332422857
0.02646  9.58168448571
0.02648  9.57004474286
0.0265  9.558405
0.02652  9.54676525714
0.02654  9.53512551429
0.02656  9.52348577143
0.02658  9.51184602857
0.0266  9.50020628571
0.02662  9.48856654286
0.02664  9.4769268
0.02666  9.46528705714
0.02668  9.45364731429
0.0267  9.44200757143
0.02672  9.43036782857
0.02674  9.41872808571
0.02676  9.40708834286
0.02678  9.3954486
0.0268  9.38380885714
0.02682  9.37216911429
0.02684  9.36052937143
0.02686  9.34888962857
0.02688  9.33724988571
0.0269  9.32561014286
0.02692  9.3139704
0.02694  9.30233065714
0.02696  9.29069091429
0.02698  9.27905117143
0.027  9.26741142857
0.02702  9.25577168571
0.02704  9.24413194286
0.02706  9.2324922
0.02708  9.22085245714
0.0271  9.20921271429
0.02712  9.19757297143
0.02714  9.18593322857
0.02716  9.17429348571
0.02718  9.16265374286
0.0272  9.151014
0.02722  9.13937425714
0.02724  9.12773451429
0.02726  9.11609477143
0.02728  9.10445502857
0.0273  9.09281528571
0.02732  9.08117554286
0.02734  9.0695358
0.02736  9.05789605714
0.02738  9.04625631429
0.0274  9.03461657143
0.02742  9.02297682857
0.02744  9.01133708571
0.02746  8.99969734286
0.02748  8.9880576
0.0275  8.97641785714
0.02752  8.96477811429
0.02754  8.95313837143
0.02756  8.94149862857
0.02758  8.92985888571
0.0276  8.91821914286
0.02762  8.9065794
0.02764  8.89493965714
0.02766  8.88329991429
0.02768  8.87166017143
0.0277  8.86002042857
0.02772  8.84838068571
0.02774  8.83674094286
0.02776  8.8251012
0.02778  8.81346145714
0.0278  8.80182171429
0.02782  8.79018197143
0.02784  8.77854222857
0.02786  8.76690248571
0.02788  8.75526274286
0.0279  8.743623
0.02792  8.73198325714
0.02794  8.72034351429
0.02796  8.70870377143
0.02798  8.69706402857
0.028  8.68542428571
0.02802  8.67378454286
0.02804  8.6621448
0.02806  8.65050505714
0.02808  8.63886531429
0.0281  8.62722557143
0.02812  8.61558582857
0.02814  8.60394608571
0.02816  8.59230634286
0.02818  8.5806666
0.0282  8.56902685714
0.02822  8.55738711429
0.02824  8.54574737143
0.02826  8.53410762857
0.02828  8.52246788571
0.0283  8.51082814286
0.02832  8.4991884
0.02834  8.48754865714
0.02836  8.47590891429
0.02838  8.46426917143
0.0284  8.45262942857
0.02842  8.44098968571
0.02844  8.42934994286
0.02846  8.4177102
0.02848  8.40607045714
0.0285  8.39443071429
0.02852  8.38279097143
0.02854  8.37115122857
0.02856  8.35951148571
0.02858  8.34787174286
0.0286  8.336232
0.02862  8.32459225714
0.02864  8.31295251429
0.02866  8.30131277143
0.02868  8.28967302857
0.0287  8.27803328571
0.02872  8.26639354286
0.02874  8.2547538
0.02876  8.24311405714
0.02878  8.23147431429
0.0288  8.21983457143
0.02882  8.20819482857
0.02884  8.19655508571
0.02886  8.18491534286
0.02888  8.1732756
0.0289  8.16163585714
0.02892  8.14999611429
0.02894  8.13835637143
0.02896  8.12671662857
0.02898  8.11507688571
0.029  8.10343714286
0.02902  8.0917974
0.02904  8.08015765714
0.02906  8.06851791429
0.02908  8.05687817143
0.0291  8.04523842857
0.02912  8.03359868571
0.02914  8.02195894286
0.02916  8.0103192
0.02918  7.99867945714
0.0292  7.98703971429
0.02922  7.97539997143
0.02924  7.96376022857
0.02926  7.95212048571
0.02928  7.94048074286
0.0293  7.928841
0.02932  7.91720125714
0.02934  7.90556151429
0.02936  7.89392177143
0.02938  7.88228202857
0.0294  7.87064228571
0.02942  7.85900254286
0.02944  7.8473628
0.02946  7.83572305714
0.02948  7.82408331429
0.0295  7.81244357143
0.02952  7.80080382857
0.02954  7.78916408571
0.02956  7.77752434286
0.02958  7.7658846
0.0296  7.75424485714
0.02962  7.74260511429
0.02964  7.73096537143
0.02966  7.71932562857
0.02968  7.70768588571
0.0297  7.69604614286
0.02972  7.6844064
0.02974  7.67276665714
0.02976  7.66112691429
0.02978  7.64948717143
0.0298  7.63784742857
0.02982  7.62620768571
0.02984  7.61456794286
0.02986  7.6029282
0.02988  7.59128845714
0.0299  7.57964871429
0.02992  7.56800897143
0.02994  7.55636922857
0.02996  7.54472948571
0.02998  7.53308974286
0.03  15.669270
0.03002  18.744510
0.03004  22.433520
0.03006  26.836140
0.03008  32.088300
0.0301  38.403600
0.03012  45.940500
0.03014  54.957000
0.03016  65.742900
0.03018  78.681300
0.0302  94.123200
0.03022  112.596000
0.03024  134.694000
0.03026  161.202300
0.03028  192.752100
0.0303  230.581800
0.03032  275.961300
0.03034  329.970000
0.03036  394.911000
0.03038  472.416000
0.0304  565.131000
0.03042  676.044000
0.03044  808.722000
0.03046  967.002000
0.03048  1156.785000
0.0305  1383.816000
0.03052  1656.156000
0.03054  1979.388000
0.03056  2367.864000
0.03058  2833.869000
0.0306  3390.030000
0.03062  4057.230000
0.03064  4853.490000
0.03066  5460.270000
0.03068  6026.670000
0.0307  6520.020000
0.03072  6870.120000
0.03074  7005.810000
0.03076  7144.170000
0.03078  7053.750000
0.0308  6826.530000
0.03082  6475.710000
0.03084  5944.980000
0.03086  5460.270000
0.03088  4787.700000
0.0309  4173.270000
0.03092  3590.010000
0.03094  3027.060000
0.03096  2536.191000
0.03098  2097.096000
0.031  1700.427000
0.03102  1405.380000
0.03104  1147.353000
0.03106  924.426000
0.03108  754.701000
0.0311  620.076000
0.03112  512.484000
0.03114  423.756000
0.03116  350.388000
0.03118  293.436300
0.0312  242.852400
0.03122  206.079000
0.03124  173.764500
0.03126  151.395300
0.03128  128.587800
0.0313  112.034400
0.03132  96.991800
0.03134  85.627500
0.03136  74.603700
0.03138  66.706800
0.0314  59.727000
0.03142  53.380500
0.03144  48.407400
0.03146  43.579800
0.03148  40.008300
0.0315  36.997800
0.03152  34.182600
0.03154  31.812300
0.03156  29.795700
0.03158  28.277340
0.0316  26.292600
0.03162  25.112100
0.03164  23.681190
0.03166  22.474260
0.03168  21.612240
0.0317  20.501580
0.03172  19.967820
0.03174  19.201830
0.03176  18.583230
0.03178  17.862210
0.0318  17.176980
0.03182  16.623630
0.03184  16.198230
0.03186  15.978750
0.03188  15.569730
0.0319  15.164400
0.03192  14.864010
0.03194  14.576130
0.03196  14.293800
0.03198  14.016960
0.032  13.745460
0.03202  13.745460
0.03204  13.571580
0.03206  13.479330
0.03208  13.039080
0.0321  13.039080
0.03212  12.874110
0.03214  12.786510
0.03216  12.624750
0.03218  12.699600
0.0322  12.538950
0.03222  12.374610
0.03224  12.212490
0.03226  12.296100
0.03228  12.212490
0.0323  12.212490
0.03232  11.975970
0.03234  12.057930
0.03236  12.057930
0.03238  12.057930
0.0324  11.899980
0.03242  11.899980
0.03244  11.744010
0.03246  11.744010
0.03248  11.819010
0.0325  11.664180
0.03252  11.664180
0.03254  11.819010
0.03256  11.744010
0.03258  11.744010
0.0326  11.744010
0.03262  11.664180
0.03264  11.664180
0.03266  11.664180
0.03268  11.595360
0.0327  11.744010
0.03272  11.664180
0.03274  11.744010
0.03276  11.664180
0.03278  11.664180
0.0328  11.595360
0.03282  11.664180
0.03284  11.516550
0.03286  11.516550
0.03288  11.744010
0.0329  11.516550
0.03292  11.664180
0.03294  11.595360
0.03296  11.664180
0.03298  11.744010
0.033  11.595360
0.03302  11.5837202571
0.03304  11.5720805143
0.03306  11.5604407714
0.03308  11.5488010286
0.0331  11.5371612857
0.03312  11.5255215429
0.03314  11.5138818
0.03316  11.5022420571
0.03318  11.4906023143
0.0332  11.4789625714
0.03322  11.4673228286
0.03324  11.4556830857
0.03326  11.4440433429
0.03328  11.4324036
0.0333  11.4207638571
0.03332  11.4091241143
0.03334  11.3974843714
0.03336  11.3858446286
0.03338  11.3742048857
0.0334  11.3625651429
0.03342  11.3509254
0.03344  11.3392856571
0.03346  11.3276459143
0.03348  11.3160061714
0.0335  11.3043664286
0.03352  11.2927266857
0.03354  11.2810869429
0.03356  11.2694472
0.03358  11.2578074571
0.0336  11.2461677143
0.03362  11.2345279714
0.03364  11.2228882286
0.03366  11.2112484857
0.03368  11.1996087429
0.0337  11.187969
0.03372  11.1763292571
0.03374  11.1646895143
0.03376  11.1530497714
0.03378  11.1414100286
0.0338  11.1297702857
0.03382  11.1181305429
0.03384  11.1064908
0.03386  11.0948510571
0.03388  11.0832113143
0.0339  11.0715715714
0.03392  11.0599318286
0.03394  11.0482920857
0.03396  11.0366523429
0.03398  11.0250126
0.034  11.0133728571
0.03402  11.0017331143
0.03404  10.9900933714
0.03406  10.9784536286
0.03408  10.9668138857
0.0341  10.9551741429
0.03412  10.9435344
0.03414  10.9318946571
0.03416  10.9202549143
0.03418  10.9086151714
0.0342  10.8969754286
0.03422  10.8853356857
0.03424  10.8736959429
0.03426  10.8620562
0.03428  10.8504164571
0.0343  10.8387767143
0.03432  10.8271369714
0.03434  10.8154972286
0.03436  10.8038574857
0.03438  10.7922177429
0.0344  10.780578
0.03442  10.7689382571
0.03444  10.7572985143
0.03446  10.7456587714
0.03448  10.7340190286
0.0345  10.7223792857
0.03452  10.7107395429
0.03454  10.6990998
0.03456  10.6874600571
0.03458  10.6758203143
0.0346  10.6641805714
0.03462  10.6525408286
0.03464  10.6409010857
0.03466  10.6292613429
0.03468  10.6176216
0.0347  10.6059818571
0.03472  10.5943421143
0.03474  10.5827023714
0.03476  10.5710626286
0.03478  10.5594228857
0.0348  10.5477831429
0.03482  10.5361434
0.03484  10.5245036571
0.03486  10.5128639143
0.03488  10.5012241714
0.0349  10.4895844286
0.03492  10.4779446857
0.03494  10.4663049429
0.03496  10.4546652
0.03498  10.4430254571
0.035  10.4313857143
0.03502  10.4197459714
0.03504  10.4081062286
0.03506  10.3964664857
0.03508  10.3848267429
0.0351  10.373187
0.03512  10.3615472571
0.03514  10.3499075143
0.03516  10.3382677714
0.03518  10.3266280286
0.0352  10.3149882857
0.03522  10.3033485429
0.03524  10.2917088
0.03526  10.2800690571
0.03528  10.2684293143
0.0353  10.2567895714
0.03532  10.2451498286
0.03534  10.2335100857
0.03536  10.2218703429
0.03538  10.2102306
0.0354  10.1985908571
0.03542  10.1869511143
0.03544  10.1753113714
0.03546  10.1636716286
0.03548  10.1520318857
0.0355  10.1403921429
0.03552  10.1287524
0.03554  10.1171126571
0.03556  10.1054729143
0.03558  10.0938331714
0.0356  10.0821934286
0.03562  10.0705536857
0.03564  10.0589139429
0.03566  10.0472742
0.03568  10.0356344571
0.0357  10.0239947143
0.03572  10.0123549714
0.03574  10.0007152286
0.03576  9.98907548571
0.03578  9.97743574286
0.0358  9.965796
0.03582  9.95415625714
0.03584  9.94251651429
0.03586  9.93087677143
0.03588  9.91923702857
0.0359  9.90759728571
0.03592  9.89595754286
0.03594  9.8843178
0.03596  9.87267805714
0.03598  9.86103831429
0.036  9.84939857143
0.03602  9.83775882857
0.03604  9.82611908571
0.03606  9.81447934286
0.03608  9.8028396
0.0361  9.79119985714
0.03612  9.77956011429
0.03614  9.76792037143
0.03616  9.75628062857
0.03618  9.74464088571
0.0362  9.73300114286
0.03622  9.7213614
0.03624  9.70972165714
0.03626  9.69808191429
0.03628  9.68644217143
0.0363  9.67480242857
0.03632  9.66316268571
0.03634  9.65152294286
0.03636  9.6398832
0.03638  9.62824345714
0.0364  9.61660371429
0.03642  9.60496397143
0.03644  9.59332422857
0.03646  9.58168448571
0.03648  9.57004474286
0.0365  9.558405
0.03652  9.54676525714
0.03654  9.53512551429
0.03656  9.52348577143
0.03658  9.51184602857
0.0366  9.50020628571
0.03662  9.48856654286
0.03664  9.4769268
0.03666  9.46528705714
0.03668  9.45364731429
0.0367  9.44200757143
0.03672  9.43036782857
0.03674  9.41872808571
0.03676  9.40708834286
0.03678  9.3954486
0.0368  9.38380885714
0.03682  9.37216911429
0.03684  9.36052937143
0.03686  9.34888962857
0.03688  9.33724988571
0.0369  9.32561014286
0.03692  9.3139704
0.03694  9.30233065714
0.03696  9.29069091429
0.03698  9.27905117143
0.037  9.26741142857
0.03702  9.25577168571
0.03704  9.24413194286
0.03706  9.2324922
0.03708  9.22085245714
0.0371  9.20921271429
0.03712  9.19757297143
0.03714  9.18593322857
0.03716  9.17429348571
0.03718  9.16265374286
0.0372  9.151014
0.03722  9.13937425714
0.03724  9.12773451429
0.03726  9.11609477143
0.03728  9.10445502857
0.0373  9.09281528571
0.03732  9.08117554286
0.03734  9.0695358
0.03736  9.05789605714
0.03738  9.04625631429
0.0374  9.03461657143
0.03742  9.02297682857
0.03744  9.01133708571
0.03746  8.99969734286
0.03748  8.9880576
0.0375  8.97641785714
0.03752  8.96477811429
0.03754  8.95313837143
0.03756  8.94149862857
0.03758  8.92985888571
0.0376  8.91821914286
0.03762  8.9065794
0.03764  8.89493965714
0.03766  8.88329991429
0.03768  8.87166017143
0.0377  8.86002042857
0.03772  8.84838068571
0.03774  8.83674094286
0.03776  8.8251012
0.03778  8.81346145714
0.0378  8.80182171429
0.03782  8.79018197143
0.03784  8.77854222857
0.03786  8.76690248571
0.03788  8.75526274286
0.0379  8.743623
0.03792  8.73198325714
0.03794  8.72034351429
0.03796  8.70870377143
0.03798  8.69706402857
0.038  8.68542428571
0.03802  8.67378454286
0.03804  8.6621448
0.03806  8.65050505714
0.03808  8.63886531429
0.0381  8.62722557143
0.03812  8.61558582857
0.03814  8.60394608571
0.03816  8.59230634286
0.03818  8.5806666
0.0382  8.56902685714
0.03822  8.55738711429
0.03824  8.54574737143
0.03826  8.53410762857
0.03828  8.52246788571
0.0383  8.51082814286
0.03832  8.4991884
0.03834  8.48754865714
0.03836  8.47590891429
0.03838  8.46426917143
0.0384  8.45262942857
0.03842  8.44098968571
0.03844  8.42934994286
0.03846  8.4177102
0.03848  8.40607045714
0.0385  8.39443071429
0.03852  8.38279097143
0.03854  8.37115122857
0.03856  8.35951148571
0.03858  8.34787174286
0.0386  8.336232
0.03862  8.32459225714
0.03864  8.31295251429
0.03866  8.30131277143
0.03868  8.28967302857
0.0387  8.27803328571
0.03872  8.26639354286
0.03874  8.2547538
0.03876  8.24311405714
0.03878  8.23147431429
0.0388  8.21983457143
0.03882  8.20819482857
0.03884  8.19655508571
0.03886  8.18491534286
0.03888  8.1732756
0.0389  8.16163585714
0.03892  8.14999611429
0.03894  8.13835637143
0.03896  8.12671662857
0.03898  8.11507688571
0.039  8.10343714286
0.03902  8.0917974
0.03904  8.08015765714
0.03906  8.06851791429
0.03908  8.05687817143
0.0391  8.04523842857
0.03912  8.03359868571
0.03914  8.02195894286
0.03916  8.0103192
0.03918  7.99867945714
0.0392  7.98703971429
0.03922  7.97539997143
0.03924  7.96376022857
0.03926  7.95212048571
0.03928  7.94048074286
0.0393  7.928841
0.03932  7.91720125714
0.03934  7.90556151429
0.03936  7.89392177143
0.03938  7.88228202857
0.0394  7.87064228571
0.03942  7.85900254286
0.03944  7.8473628
0.03946  7.83572305714
0.03948  7.82408331429
0.0395  7.81244357143
0.03952  7.80080382857
0.03954  7.78916408571
0.03956  7.77752434286
0.03958  7.7658846
0.0396  7.75424485714
0.03962  7.74260511429
0.03964  7.73096537143
0.03966  7.71932562857
0.03968  7.70768588571
0.0397  7.69604614286
0.03972  7.6844064
0.03974  7.67276665714
0.03976  7.66112691429
0.03978  7.64948717143
0.0398  7.63784742857
0.03982  7.62620768571
0.03984  7.61456794286
0.03986  7.6029282
0.03988  7.59128845714
0.0399  7.57964871429
0.03992  7.56800897143
0.03994  7.55636922857
0.03996  7.54472948571
0.03998  7.53308974286
0.04  15.669270
0.04002  18.744510
0.04004  22.433520
0.04006  26.836140
0.04008  32.088300
0.0401  38.403600
0.04012  45.940500
0.04014  54.957000
0.04016  65.742900
0.04018  78.681300
0.0402  94.123200
0.04022  112.596000
0.04024  134.694000
0.04026  161.202300
0.04028  192.752100
0.0403  230.581800
0.04032  275.961300
0.04034  329.970000
0.04036  394.911000
0.04038  472.416000
0.0404  565.131000
0.04042  676.044000
0.04044  808.722000
0.04046  967.002000
0.04048  1156.785000
0.0405  1383.816000
0.04052  1656.156000
0.04054  1979.388000
0.04056  2367.864000
0.04058  2833.869000
0.0406  3390.030000
0.04062  4057.230000
0.04064  4853.490000
0.04066  5460.270000
0.04068  6026.670000
0.0407  6520.020000
0.04072  6870.120000
0.04074  7005.810000
0.04076  7144.170000
0.04078  7053.750000
0.0408  6826.530000
0.04082  6475.710000
0.04084  5944.980000
0.04086  5460.270000
0.04088  4787.700000
0.0409  4173.270000
0.04092  3590.010000
0.04094  3027.060000
0.04096  2536.191000
0.04098  2097.096000
0.041  1700.427000
0.04102  1405.380000
0.04104  1147.353000
0.04106  924.426000
0.04108  754.701000
0.0411  620.076000
0.04112  512.484000
0.04114  423.756000
0.04116  350.388000
0.04118  293.436300
0.0412  242.852400
0.04122  206.079000
0.04124  173.764500
0.04126  151.395300
0.04128  128.587800
0.0413  112.034400
0.04132  96.991800
0.04134  85.627500
0.04136  74.603700
0.04138  66.706800
0.0414  59.727000
0.04142  53.380500
0.04144  48.407400
0.04146  43.579800
0.04148  40.008300
0.0415  36.997800
0.04152  34.182600
0.04154  31.812300
0.04156  29.795700
0.04158  28.277340
0.0416  26.292600
0.04162  25.112100
0.04164  23.681190
0.04166  22.474260
0.04168  21.612240
0.0417  20.501580
0.04172  19.967820
0.04174  19.201830
0.04176  18.583230
0.04178  17.862210
0.0418  17.176980
0.04182  16.623630
0.04184  16.198230
0.04186  15.978750
0.04188  15.569730
0.0419  15.164400
0.04192  14.864010
0.04194  14.576130
0.04196  14.293800
0.04198  14.016960
0.042  13.745460
0.04202  13.745460
0.04204  13.571580
0.04206  13.479330
0.04208  13.039080
0.0421  13.039080
0.04212  12.874110
0.04214  12.786510
0.04216  12.624750
0.04218  12.699600
0.0422  12.538950
0.04222  12.374610
0.04224  12.212490
0.04226  12.296100
0.04228  12.212490
0.0423  12.212490
0.04232  11.975970
0.04234  12.057930
0.04236  12.057930
0.04238  12.057930
0.0424  11.899980
0.04242  11.899980
0.04244  11.744010
0.04246  11.744010
0.04248  11.819010
0.0425  11.664180
0.04252  11.664180
0.04254  11.819010
0.04256  11.744010
0.04258  11.744010
0.0426  11.744010
0.04262  11.664180
0.04264  11.664180
0.04266  11.664180
0.04268  11.595360
0.0427  11.744010
0.04272  11.664180
0.04274  11.744010
0.04276  11.664180
0.04278  11.664180
0.0428  11.595360
0.04282  11.664180
0.04284  11.516550
0.04286  11.516550
0.04288  11.744010
0.0429  11.516550
0.04292  11.664180
0.04294  11.595360
0.04296  11.664180
0.04298  11.744010
0.043  11.595360
