0.00000  4171.8
0.00002  4049.31
0.00004  3914.91
0.00006  3769.32
0.00008  3613.08
0.00010  3445.65
0.00012  3269.4
0.00014  3085.32
0.00016  2895.25
0.00018  2700.68
0.00020  2504.82
0.00022  2309.5
0.00024  2116.99
0.00026  1928.95
0.00028  1748.74
0.00030  1576.56
0.00032  1413.78
0.00034  1262.53
0.00036  1121.85
0.00038  993.102
0.00040  875.877
0.00042  769.896
0.00044  674.691
0.00046  589.857
0.00048  514.272
0.00050  447.408
0.00052  388.365
0.00054  336.915
0.00056  291.647
0.00058  252.044
0.00060  217.657
0.00062  187.709
0.00064  161.806
0.00066  146.699
0.00068  135.103
0.00070  126.502
0.00072  121.083
0.00074  119.115
0.00076  117.178
0.00078  118.436
0.00080  121.73
0.00082  127.227
0.00084  136.652
0.00086  146.699
0.00088  163.651
0.00090  183.383
0.00092  207.638
0.00094  238.827
0.00096  275.861
0.00098  321.651
0.00100  380.322
0.00102  442.023
0.00104  517.527
0.00106  610.311
0.00108  710.178
0.00110  819.627
0.00112  938.43
0.00114  1069.82
0.00116  1214.24
0.00118  1360.58
0.00120  1528.52
0.00122  1683.43
0.00124  1852.36
0.00126  1993.95
0.00128  2166.43
0.00130  2314.92
0.00132  2472
0.00134  2608.29
0.00136  2758.6
0.00138  2879.6
0.00140  2997.68
0.00142  3115.68
0.00144  3216.42
0.00146  3322.17
0.00148  3406.17
0.00150  3481.2
0.00152  3555.3
0.00154  3620.88
0.00156  3679.17
0.00158  3724.71
0.00160  3786.51
0.00162  3824.58
0.00164  3872.13
0.00166  3913.47
0.00168  3943.77
0.00170  3983.73
0.00172  4003.35
0.00174  4031.94
0.00176  4055.49
0.00178  4083.39
0.00180  4110.45
0.00182  4132.65
0.00184  4149.96
0.00186  4158.99
0.00188  4175.94
0.00190  4192.95
0.00192  4205.67
0.00194  4217.97
0.00196  4230.15
0.00198  4242.21
0.00200  4254.09
0.00202  4254.09
0.00204  4261.77
0.00206  4265.88
0.00208  4285.56
0.00210  4285.56
0.00212  4293
0.00214  4296.99
0.00216  4304.34
0.00218  4300.92
0.00220  4308.27
0.00222  4315.8
0.00224  4323.3
0.00226  4319.43
0.00228  4323.3
0.00230  4323.3
0.00232  4334.28
0.00234  4330.44
0.00236  4330.44
0.00238  4330.44
0.00240  4337.82
0.00242  4337.82
0.00244  4345.14
0.00246  4345.14
0.00248  4341.6
0.00250  4348.89
0.00252  4348.89
0.00254  4341.6
0.00256  4345.14
0.00258  4345.14
0.00260  4345.14
0.00262  4348.89
0.00264  4348.89
0.00266  4348.89
0.00268  4352.13
0.00270  4345.14
0.00272  4348.89
0.00274  4345.14
0.00276  4348.89
0.00278  4348.89
0.00280  4352.13
0.00282  4348.89
0.00284  4355.85
0.00286  4355.85
0.00288  4345.14
0.00290  4355.85
0.00292  4348.89
0.00294  4352.13
0.00296  4348.89
0.00298  4345.14
0.00300  4352.13
0.00302  4351.61477143
0.00304  4351.09954286
0.00306  4350.58431429
0.00308  4350.06908571
0.0031  4349.55385714
0.00312  4349.03862857
0.00314  4348.5234
0.00316  4348.00817143
0.00318  4347.49294286
0.0032  4346.97771429
0.00322  4346.46248571
0.00324  4345.94725714
0.00326  4345.43202857
0.00328  4344.9168
0.0033  4344.40157143
0.00332  4343.88634286
0.00334  4343.37111429
0.00336  4342.85588571
0.00338  4342.34065714
0.0034  4341.82542857
0.00342  4341.3102
0.00344  4340.79497143
0.00346  4340.27974286
0.00348  4339.76451429
0.0035  4339.24928571
0.00352  4338.73405714
0.00354  4338.21882857
0.00356  4337.7036
0.00358  4337.18837143
0.0036  4336.67314286
0.00362  4336.15791429
0.00364  4335.64268571
0.00366  4335.12745714
0.00368  4334.61222857
0.0037  4334.097
0.00372  4333.58177143
0.00374  4333.06654286
0.00376  4332.55131429
0.00378  4332.03608571
0.0038  4331.52085714
0.00382  4331.00562857
0.00384  4330.4904
0.00386  4329.97517143
0.00388  4329.45994286
0.0039  4328.94471429
0.00392  4328.42948571
0.00394  4327.91425714
0.00396  4327.39902857
0.00398  4326.8838
0.004  4326.36857143
0.00402  4325.85334286
0.00404  4325.33811429
0.00406  4324.82288571
0.00408  4324.30765714
0.0041  4323.79242857
0.00412  4323.2772
0.00414  4322.76197143
0.00416  4322.24674286
0.00418  4321.73151429
0.0042  4321.21628571
0.00422  4320.70105714
0.00424  4320.18582857
0.00426  4319.6706
0.00428  4319.15537143
0.0043  4318.64014286
0.00432  4318.12491429
0.00434  4317.60968571
0.00436  4317.09445714
0.00438  4316.57922857
0.0044  4316.064
0.00442  4315.54877143
0.00444  4315.03354286
0.00446  4314.51831429
0.00448  4314.00308571
0.0045  4313.48785714
0.00452  4312.97262857
0.00454  4312.4574
0.00456  4311.94217143
0.00458  4311.42694286
0.0046  4310.91171429
0.00462  4310.39648571
0.00464  4309.88125714
0.00466  4309.36602857
0.00468  4308.8508
0.0047  4308.33557143
0.00472  4307.82034286
0.00474  4307.30511429
0.00476  4306.78988571
0.00478  4306.27465714
0.0048  4305.75942857
0.00482  4305.2442
0.00484  4304.72897143
0.00486  4304.21374286
0.00488  4303.69851429
0.0049  4303.18328571
0.00492  4302.66805714
0.00494  4302.15282857
0.00496  4301.6376
0.00498  4301.12237143
0.005  4300.60714286
0.00502  4300.09191429
0.00504  4299.57668571
0.00506  4299.06145714
0.00508  4298.54622857
0.0051  4298.031
0.00512  4297.51577143
0.00514  4297.00054286
0.00516  4296.48531429
0.00518  4295.97008571
0.0052  4295.45485714
0.00522  4294.93962857
0.00524  4294.4244
0.00526  4293.90917143
0.00528  4293.39394286
0.0053  4292.87871429
0.00532  4292.36348571
0.00534  4291.84825714
0.00536  4291.33302857
0.00538  4290.8178
0.0054  4290.30257143
0.00542  4289.78734286
0.00544  4289.27211429
0.00546  4288.75688571
0.00548  4288.24165714
0.0055  4287.72642857
0.00552  4287.2112
0.00554  4286.69597143
0.00556  4286.18074286
0.00558  4285.66551429
0.0056  4285.15028571
0.00562  4284.63505714
0.00564  4284.11982857
0.00566  4283.6046
0.00568  4283.08937143
0.0057  4282.57414286
0.00572  4282.05891429
0.00574  4281.54368571
0.00576  4281.02845714
0.00578  4280.51322857
0.0058  4279.998
0.00582  4279.48277143
0.00584  4278.96754286
0.00586  4278.45231429
0.00588  4277.93708571
0.0059  4277.42185714
0.00592  4276.90662857
0.00594  4276.3914
0.00596  4275.87617143
0.00598  4275.36094286
0.006  4274.84571429
0.00602  4274.33048571
0.00604  4273.81525714
0.00606  4273.30002857
0.00608  4272.7848
0.0061  4272.26957143
0.00612  4271.75434286
0.00614  4271.23911429
0.00616  4270.72388571
0.00618  4270.20865714
0.0062  4269.69342857
0.00622  4269.1782
0.00624  4268.66297143
0.00626  4268.14774286
0.00628  4267.63251429
0.0063  4267.11728571
0.00632  4266.60205714
0.00634  4266.08682857
0.00636  4265.5716
0.00638  4265.05637143
0.0064  4264.54114286
0.00642  4264.02591429
0.00644  4263.51068571
0.00646  4262.99545714
0.00648  4262.48022857
0.0065  4261.965
0.00652  4261.44977143
0.00654  4260.93454286
0.00656  4260.41931429
0.00658  4259.90408571
0.0066  4259.38885714
0.00662  4258.87362857
0.00664  4258.3584
0.00666  4257.84317143
0.00668  4257.32794286
0.0067  4256.81271429
0.00672  4256.29748571
0.00674  4255.78225714
0.00676  4255.26702857
0.00678  4254.7518
0.0068  4254.23657143
0.00682  4253.72134286
0.00684  4253.20611429
0.00686  4252.69088571
0.00688  4252.17565714
0.0069  4251.66042857
0.00692  4251.1452
0.00694  4250.62997143
0.00696  4250.11474286
0.00698  4249.59951429
0.007  4249.08428571
0.00702  4248.56905714
0.00704  4248.05382857
0.00706  4247.5386
0.00708  4247.02337143
0.0071  4246.50814286
0.00712  4245.99291429
0.00714  4245.47768571
0.00716  4244.96245714
0.00718  4244.44722857
0.0072  4243.932
0.00722  4243.41677143
0.00724  4242.90154286
0.00726  4242.38631429
0.00728  4241.87108571
0.0073  4241.35585714
0.00732  4240.84062857
0.00734  4240.3254
0.00736  4239.81017143
0.00738  4239.29494286
0.0074  4238.77971429
0.00742  4238.26448571
0.00744  4237.74925714
0.00746  4237.23402857
0.00748  4236.7188
0.0075  4236.20357143
0.00752  4235.68834286
0.00754  4235.17311429
0.00756  4234.65788571
0.00758  4234.14265714
0.0076  4233.62742857
0.00762  4233.1122
0.00764  4232.59697143
0.00766  4232.08174286
0.00768  4231.56651429
0.0077  4231.05128571
0.00772  4230.53605714
0.00774  4230.02082857
0.00776  4229.5056
0.00778  4228.99037143
0.0078  4228.47514286
0.00782  4227.95991429
0.00784  4227.44468571
0.00786  4226.92945714
0.00788  4226.41422857
0.0079  4225.899
0.00792  4225.38377143
0.00794  4224.86854286
0.00796  4224.35331429
0.00798  4223.83808571
0.008  4223.32285714
0.00802  4222.80762857
0.00804  4222.2924
0.00806  4221.77717143
0.00808  4221.26194286
0.0081  4220.74671429
0.00812  4220.23148571
0.00814  4219.71625714
0.00816  4219.20102857
0.00818  4218.6858
0.0082  4218.17057143
0.00822  4217.65534286
0.00824  4217.14011429
0.00826  4216.62488571
0.00828  4216.10965714
0.0083  4215.59442857
0.00832  4215.0792
0.00834  4214.56397143
0.00836  4214.04874286
0.00838  4213.53351429
0.0084  4213.01828571
0.00842  4212.50305714
0.00844  4211.98782857
0.00846  4211.4726
0.00848  4210.95737143
0.0085  4210.44214286
0.00852  4209.92691429
0.00854  4209.41168571
0.00856  4208.89645714
0.00858  4208.38122857
0.0086  4207.866
0.00862  4207.35077143
0.00864  4206.83554286
0.00866  4206.32031429
0.00868  4205.80508571
0.0087  4205.28985714
0.00872  4204.77462857
0.00874  4204.2594
0.00876  4203.74417143
0.00878  4203.22894286
0.0088  4202.71371429
0.00882  4202.19848571
0.00884  4201.68325714
0.00886  4201.16802857
0.00888  4200.6528
0.0089  4200.13757143
0.00892  4199.62234286
0.00894  4199.10711429
0.00896  4198.59188571
0.00898  4198.07665714
0.009  4197.56142857
0.00902  4197.0462
0.00904  4196.53097143
0.00906  4196.01574286
0.00908  4195.50051429
0.0091  4194.98528571
0.00912  4194.47005714
0.00914  4193.95482857
0.00916  4193.4396
0.00918  4192.92437143
0.0092  4192.40914286
0.00922  4191.89391429
0.00924  4191.37868571
0.00926  4190.86345714
0.00928  4190.34822857
0.0093  4189.833
0.00932  4189.31777143
0.00934  4188.80254286
0.00936  4188.28731429
0.00938  4187.77208571
0.0094  4187.25685714
0.00942  4186.74162857
0.00944  4186.2264
0.00946  4185.71117143
0.00948  4185.19594286
0.0095  4184.68071429
0.00952  4184.16548571
0.00954  4183.65025714
0.00956  4183.13502857
0.00958  4182.6198
0.0096  4182.10457143
0.00962  4181.58934286
0.00964  4181.07411429
0.00966  4180.55888571
0.00968  4180.04365714
0.0097  4179.52842857
0.00972  4179.0132
0.00974  4178.49797143
0.00976  4177.98274286
0.00978  4177.46751429
0.0098  4176.95228571
0.00982  4176.43705714
0.00984  4175.92182857
0.00986  4175.4066
0.00988  4174.89137143
0.0099  4174.37614286
0.00992  4173.86091429
0.00994  4173.34568571
0.00996  4172.83045714
0.00998  4172.31522857
0.01  4171.8
0.01002  4049.31
0.01004  3914.91
0.01006  3769.32
0.01008  3613.08
0.0101  3445.65
0.01012  3269.4
0.01014  3085.32
0.01016  2895.25
0.01018  2700.68
0.0102  2504.82
0.01022  2309.5
0.01024  2116.99
0.01026  1928.95
0.01028  1748.74
0.0103  1576.56
0.01032  1413.78
0.01034  1262.53
0.01036  1121.85
0.01038  993.102
0.0104  875.877
0.01042  769.896
0.01044  674.691
0.01046  589.857
0.01048  514.272
0.0105  447.408
0.01052  388.365
0.01054  336.915
0.01056  291.647
0.01058  252.044
0.0106  217.657
0.01062  187.709
0.01064  161.806
0.01066  146.699
0.01068  135.103
0.0107  126.502
0.01072  121.083
0.01074  119.115
0.01076  117.178
0.01078  118.436
0.0108  121.73
0.01082  127.227
0.01084  136.652
0.01086  146.699
0.01088  163.651
0.0109  183.383
0.01092  207.638
0.01094  238.827
0.01096  275.861
0.01098  321.651
0.011  380.322
0.01102  442.023
0.01104  517.527
0.01106  610.311
0.01108  710.178
0.0111  819.627
0.01112  938.43
0.01114  1069.82
0.01116  1214.24
0.01118  1360.58
0.0112  1528.52
0.01122  1683.43
0.01124  1852.36
0.01126  1993.95
0.01128  2166.43
0.0113  2314.92
0.01132  2472
0.01134  2608.29
0.01136  2758.6
0.01138  2879.6
0.0114  2997.68
0.01142  3115.68
0.01144  3216.42
0.01146  3322.17
0.01148  3406.17
0.0115  3481.2
0.01152  3555.3
0.01154  3620.88
0.01156  3679.17
0.01158  3724.71
0.0116  3786.51
0.01162  3824.58
0.01164  3872.13
0.01166  3913.47
0.01168  3943.77
0.0117  3983.73
0.01172  4003.35
0.01174  4031.94
0.01176  4055.49
0.01178  4083.39
0.0118  4110.45
0.01182  4132.65
0.01184  4149.96
0.01186  4158.99
0.01188  4175.94
0.0119  4192.95
0.01192  4205.67
0.01194  4217.97
0.01196  4230.15
0.01198  4242.21
0.012  4254.09
0.01202  4254.09
0.01204  4261.77
0.01206  4265.88
0.01208  4285.56
0.0121  4285.56
0.01212  4293
0.01214  4296.99
0.01216  4304.34
0.01218  4300.92
0.0122  4308.27
0.01222  4315.8
0.01224  4323.3
0.01226  4319.43
0.01228  4323.3
0.0123  4323.3
0.01232  4334.28
0.01234  4330.44
0.01236  4330.44
0.01238  4330.44
0.0124  4337.82
0.01242  4337.82
0.01244  4345.14
0.01246  4345.14
0.01248  4341.6
0.0125  4348.89
0.01252  4348.89
0.01254  4341.6
0.01256  4345.14
0.01258  4345.14
0.0126  4345.14
0.01262  4348.89
0.01264  4348.89
0.01266  4348.89
0.01268  4352.13
0.0127  4345.14
0.01272  4348.89
0.01274  4345.14
0.01276  4348.89
0.01278  4348.89
0.0128  4352.13
0.01282  4348.89
0.01284  4355.85
0.01286  4355.85
0.01288  4345.14
0.0129  4355.85
0.01292  4348.89
0.01294  4352.13
0.01296  4348.89
0.01298  4345.14
0.013  4352.13
0.01302  4351.61477143
0.01304  4351.09954286
0.01306  4350.58431429
0.01308  4350.06908571
0.0131  4349.55385714
0.01312  4349.03862857
0.01314  4348.5234
0.01316  4348.00817143
0.01318  4347.49294286
0.0132  4346.97771429
0.01322  4346.46248571
0.01324  4345.94725714
0.01326  4345.43202857
0.01328  4344.9168
0.0133  4344.40157143
0.01332  4343.88634286
0.01334  4343.37111429
0.01336  4342.85588571
0.01338  4342.34065714
0.0134  4341.82542857
0.01342  4341.3102
0.01344  4340.79497143
0.01346  4340.27974286
0.01348  4339.76451429
0.0135  4339.24928571
0.01352  4338.73405714
0.01354  4338.21882857
0.01356  4337.7036
0.01358  4337.18837143
0.0136  4336.67314286
0.01362  4336.15791429
0.01364  4335.64268571
0.01366  4335.12745714
0.01368  4334.61222857
0.0137  4334.097
0.01372  4333.58177143
0.01374  4333.06654286
0.01376  4332.55131429
0.01378  4332.03608571
0.0138  4331.52085714
0.01382  4331.00562857
0.01384  4330.4904
0.01386  4329.97517143
0.01388  4329.45994286
0.0139  4328.94471429
0.01392  4328.42948571
0.01394  4327.91425714
0.01396  4327.39902857
0.01398  4326.8838
0.014  4326.36857143
0.01402  4325.85334286
0.01404  4325.33811429
0.01406  4324.82288571
0.01408  4324.30765714
0.0141  4323.79242857
0.01412  4323.2772
0.01414  4322.76197143
0.01416  4322.24674286
0.01418  4321.73151429
0.0142  4321.21628571
0.01422  4320.70105714
0.01424  4320.18582857
0.01426  4319.6706
0.01428  4319.15537143
0.0143  4318.64014286
0.01432  4318.12491429
0.01434  4317.60968571
0.01436  4317.09445714
0.01438  4316.57922857
0.0144  4316.064
0.01442  4315.54877143
0.01444  4315.03354286
0.01446  4314.51831429
0.01448  4314.00308571
0.0145  4313.48785714
0.01452  4312.97262857
0.01454  4312.4574
0.01456  4311.94217143
0.01458  4311.42694286
0.0146  4310.91171429
0.01462  4310.39648571
0.01464  4309.88125714
0.01466  4309.36602857
0.01468  4308.8508
0.0147  4308.33557143
0.01472  4307.82034286
0.01474  4307.30511429
0.01476  4306.78988571
0.01478  4306.27465714
0.0148  4305.75942857
0.01482  4305.2442
0.01484  4304.72897143
0.01486  4304.21374286
0.01488  4303.69851429
0.0149  4303.18328571
0.01492  4302.66805714
0.01494  4302.15282857
0.01496  4301.6376
0.01498  4301.12237143
0.015  4300.60714286
0.01502  4300.09191429
0.01504  4299.57668571
0.01506  4299.06145714
0.01508  4298.54622857
0.0151  4298.031
0.01512  4297.51577143
0.01514  4297.00054286
0.01516  4296.48531429
0.01518  4295.97008571
0.0152  4295.45485714
0.01522  4294.93962857
0.01524  4294.4244
0.01526  4293.90917143
0.01528  4293.39394286
0.0153  4292.87871429
0.01532  4292.36348571
0.01534  4291.84825714
0.01536  4291.33302857
0.01538  4290.8178
0.0154  4290.30257143
0.01542  4289.78734286
0.01544  4289.27211429
0.01546  4288.75688571
0.01548  4288.24165714
0.0155  4287.72642857
0.01552  4287.2112
0.01554  4286.69597143
0.01556  4286.18074286
0.01558  4285.66551429
0.0156  4285.15028571
0.01562  4284.63505714
0.01564  4284.11982857
0.01566  4283.6046
0.01568  4283.08937143
0.0157  4282.57414286
0.01572  4282.05891429
0.01574  4281.54368571
0.01576  4281.02845714
0.01578  4280.51322857
0.0158  4279.998
0.01582  4279.48277143
0.01584  4278.96754286
0.01586  4278.45231429
0.01588  4277.93708571
0.0159  4277.42185714
0.01592  4276.90662857
0.01594  4276.3914
0.01596  4275.87617143
0.01598  4275.36094286
0.016  4274.84571429
0.01602  4274.33048571
0.01604  4273.81525714
0.01606  4273.30002857
0.01608  4272.7848
0.0161  4272.26957143
0.01612  4271.75434286
0.01614  4271.23911429
0.01616  4270.72388571
0.01618  4270.20865714
0.0162  4269.69342857
0.01622  4269.1782
0.01624  4268.66297143
0.01626  4268.14774286
0.01628  4267.63251429
0.0163  4267.11728571
0.01632  4266.60205714
0.01634  4266.08682857
0.01636  4265.5716
0.01638  4265.05637143
0.0164  4264.54114286
0.01642  4264.02591429
0.01644  4263.51068571
0.01646  4262.99545714
0.01648  4262.48022857
0.0165  4261.965
0.01652  4261.44977143
0.01654  4260.93454286
0.01656  4260.41931429
0.01658  4259.90408571
0.0166  4259.38885714
0.01662  4258.87362857
0.01664  4258.3584
0.01666  4257.84317143
0.01668  4257.32794286
0.0167  4256.81271429
0.01672  4256.29748571
0.01674  4255.78225714
0.01676  4255.26702857
0.01678  4254.7518
0.0168  4254.23657143
0.01682  4253.72134286
0.01684  4253.20611429
0.01686  4252.69088571
0.01688  4252.17565714
0.0169  4251.66042857
0.01692  4251.1452
0.01694  4250.62997143
0.01696  4250.11474286
0.01698  4249.59951429
0.017  4249.08428571
0.01702  4248.56905714
0.01704  4248.05382857
0.01706  4247.5386
0.01708  4247.02337143
0.0171  4246.50814286
0.01712  4245.99291429
0.01714  4245.47768571
0.01716  4244.96245714
0.01718  4244.44722857
0.0172  4243.932
0.01722  4243.41677143
0.01724  4242.90154286
0.01726  4242.38631429
0.01728  4241.87108571
0.0173  4241.35585714
0.01732  4240.84062857
0.01734  4240.3254
0.01736  4239.81017143
0.01738  4239.29494286
0.0174  4238.77971429
0.01742  4238.26448571
0.01744  4237.74925714
0.01746  4237.23402857
0.01748  4236.7188
0.0175  4236.20357143
0.01752  4235.68834286
0.01754  4235.17311429
0.01756  4234.65788571
0.01758  4234.14265714
0.0176  4233.62742857
0.01762  4233.1122
0.01764  4232.59697143
0.01766  4232.08174286
0.01768  4231.56651429
0.0177  4231.05128571
0.01772  4230.53605714
0.01774  4230.02082857
0.01776  4229.5056
0.01778  4228.99037143
0.0178  4228.47514286
0.01782  4227.95991429
0.01784  4227.44468571
0.01786  4226.92945714
0.01788  4226.41422857
0.0179  4225.899
0.01792  4225.38377143
0.01794  4224.86854286
0.01796  4224.35331429
0.01798  4223.83808571
0.018  4223.32285714
0.01802  4222.80762857
0.01804  4222.2924
0.01806  4221.77717143
0.01808  4221.26194286
0.0181  4220.74671429
0.01812  4220.23148571
0.01814  4219.71625714
0.01816  4219.20102857
0.01818  4218.6858
0.0182  4218.17057143
0.01822  4217.65534286
0.01824  4217.14011429
0.01826  4216.62488571
0.01828  4216.10965714
0.0183  4215.59442857
0.01832  4215.0792
0.01834  4214.56397143
0.01836  4214.04874286
0.01838  4213.53351429
0.0184  4213.01828571
0.01842  4212.50305714
0.01844  4211.98782857
0.01846  4211.4726
0.01848  4210.95737143
0.0185  4210.44214286
0.01852  4209.92691429
0.01854  4209.41168571
0.01856  4208.89645714
0.01858  4208.38122857
0.0186  4207.866
0.01862  4207.35077143
0.01864  4206.83554286
0.01866  4206.32031429
0.01868  4205.80508571
0.0187  4205.28985714
0.01872  4204.77462857
0.01874  4204.2594
0.01876  4203.74417143
0.01878  4203.22894286
0.0188  4202.71371429
0.01882  4202.19848571
0.01884  4201.68325714
0.01886  4201.16802857
0.01888  4200.6528
0.0189  4200.13757143
0.01892  4199.62234286
0.01894  4199.10711429
0.01896  4198.59188571
0.01898  4198.07665714
0.019  4197.56142857
0.01902  4197.0462
0.01904  4196.53097143
0.01906  4196.01574286
0.01908  4195.50051429
0.0191  4194.98528571
0.01912  4194.47005714
0.01914  4193.95482857
0.01916  4193.4396
0.01918  4192.92437143
0.0192  4192.40914286
0.01922  4191.89391429
0.01924  4191.37868571
0.01926  4190.86345714
0.01928  4190.34822857
0.0193  4189.833
0.01932  4189.31777143
0.01934  4188.80254286
0.01936  4188.28731429
0.01938  4187.77208571
0.0194  4187.25685714
0.01942  4186.74162857
0.01944  4186.2264
0.01946  4185.71117143
0.01948  4185.19594286
0.0195  4184.68071429
0.01952  4184.16548571
0.01954  4183.65025714
0.01956  4183.13502857
0.01958  4182.6198
0.0196  4182.10457143
0.01962  4181.58934286
0.01964  4181.07411429
0.01966  4180.55888571
0.01968  4180.04365714
0.0197  4179.52842857
0.01972  4179.0132
0.01974  4178.49797143
0.01976  4177.98274286
0.01978  4177.46751429
0.0198  4176.95228571
0.01982  4176.43705714
0.01984  4175.92182857
0.01986  4175.4066
0.01988  4174.89137143
0.0199  4174.37614286
0.01992  4173.86091429
0.01994  4173.34568571
0.01996  4172.83045714
0.01998  4172.31522857
0.02  4171.8
0.02002  4049.31
0.02004  3914.91
0.02006  3769.32
0.02008  3613.08
0.0201  3445.65
0.02012  3269.4
0.02014  3085.32
0.02016  2895.25
0.02018  2700.68
0.0202  2504.82
0.02022  2309.5
0.02024  2116.99
0.02026  1928.95
0.02028  1748.74
0.0203  1576.56
0.02032  1413.78
0.02034  1262.53
0.02036  1121.85
0.02038  993.102
0.0204  875.877
0.02042  769.896
0.02044  674.691
0.02046  589.857
0.02048  514.272
0.0205  447.408
0.02052  388.365
0.02054  336.915
0.02056  291.647
0.02058  252.044
0.0206  217.657
0.02062  187.709
0.02064  161.806
0.02066  146.699
0.02068  135.103
0.0207  126.502
0.02072  121.083
0.02074  119.115
0.02076  117.178
0.02078  118.436
0.0208  121.73
0.02082  127.227
0.02084  136.652
0.02086  146.699
0.02088  163.651
0.0209  183.383
0.02092  207.638
0.02094  238.827
0.02096  275.861
0.02098  321.651
0.021  380.322
0.02102  442.023
0.02104  517.527
0.02106  610.311
0.02108  710.178
0.0211  819.627
0.02112  938.43
0.02114  1069.82
0.02116  1214.24
0.02118  1360.58
0.0212  1528.52
0.02122  1683.43
0.02124  1852.36
0.02126  1993.95
0.02128  2166.43
0.0213  2314.92
0.02132  2472
0.02134  2608.29
0.02136  2758.6
0.02138  2879.6
0.0214  2997.68
0.02142  3115.68
0.02144  3216.42
0.02146  3322.17
0.02148  3406.17
0.0215  3481.2
0.02152  3555.3
0.02154  3620.88
0.02156  3679.17
0.02158  3724.71
0.0216  3786.51
0.02162  3824.58
0.02164  3872.13
0.02166  3913.47
0.02168  3943.77
0.0217  3983.73
0.02172  4003.35
0.02174  4031.94
0.02176  4055.49
0.02178  4083.39
0.0218  4110.45
0.02182  4132.65
0.02184  4149.96
0.02186  4158.99
0.02188  4175.94
0.0219  4192.95
0.02192  4205.67
0.02194  4217.97
0.02196  4230.15
0.02198  4242.21
0.022  4254.09
0.02202  4254.09
0.02204  4261.77
0.02206  4265.88
0.02208  4285.56
0.0221  4285.56
0.02212  4293
0.02214  4296.99
0.02216  4304.34
0.02218  4300.92
0.0222  4308.27
0.02222  4315.8
0.02224  4323.3
0.02226  4319.43
0.02228  4323.3
0.0223  4323.3
0.02232  4334.28
0.02234  4330.44
0.02236  4330.44
0.02238  4330.44
0.0224  4337.82
0.02242  4337.82
0.02244  4345.14
0.02246  4345.14
0.02248  4341.6
0.0225  4348.89
0.02252  4348.89
0.02254  4341.6
0.02256  4345.14
0.02258  4345.14
0.0226  4345.14
0.02262  4348.89
0.02264  4348.89
0.02266  4348.89
0.02268  4352.13
0.0227  4345.14
0.02272  4348.89
0.02274  4345.14
0.02276  4348.89
0.02278  4348.89
0.0228  4352.13
0.02282  4348.89
0.02284  4355.85
0.02286  4355.85
0.02288  4345.14
0.0229  4355.85
0.02292  4348.89
0.02294  4352.13
0.02296  4348.89
0.02298  4345.14
0.023  4352.13
0.02302  4351.61477143
0.02304  4351.09954286
0.02306  4350.58431429
0.02308  4350.06908571
0.0231  4349.55385714
0.02312  4349.03862857
0.02314  4348.5234
0.02316  4348.00817143
0.02318  4347.49294286
0.0232  4346.97771429
0.02322  4346.46248571
0.02324  4345.94725714
0.02326  4345.43202857
0.02328  4344.9168
0.0233  4344.40157143
0.02332  4343.88634286
0.02334  4343.37111429
0.02336  4342.85588571
0.02338  4342.34065714
0.0234  4341.82542857
0.02342  4341.3102
0.02344  4340.79497143
0.02346  4340.27974286
0.02348  4339.76451429
0.0235  4339.24928571
0.02352  4338.73405714
0.02354  4338.21882857
0.02356  4337.7036
0.02358  4337.18837143
0.0236  4336.67314286
0.02362  4336.15791429
0.02364  4335.64268571
0.02366  4335.12745714
0.02368  4334.61222857
0.0237  4334.097
0.02372  4333.58177143
0.02374  4333.06654286
0.02376  4332.55131429
0.02378  4332.03608571
0.0238  4331.52085714
0.02382  4331.00562857
0.02384  4330.4904
0.02386  4329.97517143
0.02388  4329.45994286
0.0239  4328.94471429
0.02392  4328.42948571
0.02394  4327.91425714
0.02396  4327.39902857
0.02398  4326.8838
0.024  4326.36857143
0.02402  4325.85334286
0.02404  4325.33811429
0.02406  4324.82288571
0.02408  4324.30765714
0.0241  4323.79242857
0.02412  4323.2772
0.02414  4322.76197143
0.02416  4322.24674286
0.02418  4321.73151429
0.0242  4321.21628571
0.02422  4320.70105714
0.02424  4320.18582857
0.02426  4319.6706
0.02428  4319.15537143
0.0243  4318.64014286
0.02432  4318.12491429
0.02434  4317.60968571
0.02436  4317.09445714
0.02438  4316.57922857
0.0244  4316.064
0.02442  4315.54877143
0.02444  4315.03354286
0.02446  4314.51831429
0.02448  4314.00308571
0.0245  4313.48785714
0.02452  4312.97262857
0.02454  4312.4574
0.02456  4311.94217143
0.02458  4311.42694286
0.0246  4310.91171429
0.02462  4310.39648571
0.02464  4309.88125714
0.02466  4309.36602857
0.02468  4308.8508
0.0247  4308.33557143
0.02472  4307.82034286
0.02474  4307.30511429
0.02476  4306.78988571
0.02478  4306.27465714
0.0248  4305.75942857
0.02482  4305.2442
0.02484  4304.72897143
0.02486  4304.21374286
0.02488  4303.69851429
0.0249  4303.18328571
0.02492  4302.66805714
0.02494  4302.15282857
0.02496  4301.6376
0.02498  4301.12237143
0.025  4300.60714286
0.02502  4300.09191429
0.02504  4299.57668571
0.02506  4299.06145714
0.02508  4298.54622857
0.0251  4298.031
0.02512  4297.51577143
0.02514  4297.00054286
0.02516  4296.48531429
0.02518  4295.97008571
0.0252  4295.45485714
0.02522  4294.93962857
0.02524  4294.4244
0.02526  4293.90917143
0.02528  4293.39394286
0.0253  4292.87871429
0.02532  4292.36348571
0.02534  4291.84825714
0.02536  4291.33302857
0.02538  4290.8178
0.0254  4290.30257143
0.02542  4289.78734286
0.02544  4289.27211429
0.02546  4288.75688571
0.02548  4288.24165714
0.0255  4287.72642857
0.02552  4287.2112
0.02554  4286.69597143
0.02556  4286.18074286
0.02558  4285.66551429
0.0256  4285.15028571
0.02562  4284.63505714
0.02564  4284.11982857
0.02566  4283.6046
0.02568  4283.08937143
0.0257  4282.57414286
0.02572  4282.05891429
0.02574  4281.54368571
0.02576  4281.02845714
0.02578  4280.51322857
0.0258  4279.998
0.02582  4279.48277143
0.02584  4278.96754286
0.02586  4278.45231429
0.02588  4277.93708571
0.0259  4277.42185714
0.02592  4276.90662857
0.02594  4276.3914
0.02596  4275.87617143
0.02598  4275.36094286
0.026  4274.84571429
0.02602  4274.33048571
0.02604  4273.81525714
0.02606  4273.30002857
0.02608  4272.7848
0.0261  4272.26957143
0.02612  4271.75434286
0.02614  4271.23911429
0.02616  4270.72388571
0.02618  4270.20865714
0.0262  4269.69342857
0.02622  4269.1782
0.02624  4268.66297143
0.02626  4268.14774286
0.02628  4267.63251429
0.0263  4267.11728571
0.02632  4266.60205714
0.02634  4266.08682857
0.02636  4265.5716
0.02638  4265.05637143
0.0264  4264.54114286
0.02642  4264.02591429
0.02644  4263.51068571
0.02646  4262.99545714
0.02648  4262.48022857
0.0265  4261.965
0.02652  4261.44977143
0.02654  4260.93454286
0.02656  4260.41931429
0.02658  4259.90408571
0.0266  4259.38885714
0.02662  4258.87362857
0.02664  4258.3584
0.02666  4257.84317143
0.02668  4257.32794286
0.0267  4256.81271429
0.02672  4256.29748571
0.02674  4255.78225714
0.02676  4255.26702857
0.02678  4254.7518
0.0268  4254.23657143
0.02682  4253.72134286
0.02684  4253.20611429
0.02686  4252.69088571
0.02688  4252.17565714
0.0269  4251.66042857
0.02692  4251.1452
0.02694  4250.62997143
0.02696  4250.11474286
0.02698  4249.59951429
0.027  4249.08428571
0.02702  4248.56905714
0.02704  4248.05382857
0.02706  4247.5386
0.02708  4247.02337143
0.0271  4246.50814286
0.02712  4245.99291429
0.02714  4245.47768571
0.02716  4244.96245714
0.02718  4244.44722857
0.0272  4243.932
0.02722  4243.41677143
0.02724  4242.90154286
0.02726  4242.38631429
0.02728  4241.87108571
0.0273  4241.35585714
0.02732  4240.84062857
0.02734  4240.3254
0.02736  4239.81017143
0.02738  4239.29494286
0.0274  4238.77971429
0.02742  4238.26448571
0.02744  4237.74925714
0.02746  4237.23402857
0.02748  4236.7188
0.0275  4236.20357143
0.02752  4235.68834286
0.02754  4235.17311429
0.02756  4234.65788571
0.02758  4234.14265714
0.0276  4233.62742857
0.02762  4233.1122
0.02764  4232.59697143
0.02766  4232.08174286
0.02768  4231.56651429
0.0277  4231.05128571
0.02772  4230.53605714
0.02774  4230.02082857
0.02776  4229.5056
0.02778  4228.99037143
0.0278  4228.47514286
0.02782  4227.95991429
0.02784  4227.44468571
0.02786  4226.92945714
0.02788  4226.41422857
0.0279  4225.899
0.02792  4225.38377143
0.02794  4224.86854286
0.02796  4224.35331429
0.02798  4223.83808571
0.028  4223.32285714
0.02802  4222.80762857
0.02804  4222.2924
0.02806  4221.77717143
0.02808  4221.26194286
0.0281  4220.74671429
0.02812  4220.23148571
0.02814  4219.71625714
0.02816  4219.20102857
0.02818  4218.6858
0.0282  4218.17057143
0.02822  4217.65534286
0.02824  4217.14011429
0.02826  4216.62488571
0.02828  4216.10965714
0.0283  4215.59442857
0.02832  4215.0792
0.02834  4214.56397143
0.02836  4214.04874286
0.02838  4213.53351429
0.0284  4213.01828571
0.02842  4212.50305714
0.02844  4211.98782857
0.02846  4211.4726
0.02848  4210.95737143
0.0285  4210.44214286
0.02852  4209.92691429
0.02854  4209.41168571
0.02856  4208.89645714
0.02858  4208.38122857
0.0286  4207.866
0.02862  4207.35077143
0.02864  4206.83554286
0.02866  4206.32031429
0.02868  4205.80508571
0.0287  4205.28985714
0.02872  4204.77462857
0.02874  4204.2594
0.02876  4203.74417143
0.02878  4203.22894286
0.0288  4202.71371429
0.02882  4202.19848571
0.02884  4201.68325714
0.02886  4201.16802857
0.02888  4200.6528
0.0289  4200.13757143
0.02892  4199.62234286
0.02894  4199.10711429
0.02896  4198.59188571
0.02898  4198.07665714
0.029  4197.56142857
0.02902  4197.0462
0.02904  4196.53097143
0.02906  4196.01574286
0.02908  4195.50051429
0.0291  4194.98528571
0.02912  4194.47005714
0.02914  4193.95482857
0.02916  4193.4396
0.02918  4192.92437143
0.0292  4192.40914286
0.02922  4191.89391429
0.02924  4191.37868571
0.02926  4190.86345714
0.02928  4190.34822857
0.0293  4189.833
0.02932  4189.31777143
0.02934  4188.80254286
0.02936  4188.28731429
0.02938  4187.77208571
0.0294  4187.25685714
0.02942  4186.74162857
0.02944  4186.2264
0.02946  4185.71117143
0.02948  4185.19594286
0.0295  4184.68071429
0.02952  4184.16548571
0.02954  4183.65025714
0.02956  4183.13502857
0.02958  4182.6198
0.0296  4182.10457143
0.02962  4181.58934286
0.02964  4181.07411429
0.02966  4180.55888571
0.02968  4180.04365714
0.0297  4179.52842857
0.02972  4179.0132
0.02974  4178.49797143
0.02976  4177.98274286
0.02978  4177.46751429
0.0298  4176.95228571
0.02982  4176.43705714
0.02984  4175.92182857
0.02986  4175.4066
0.02988  4174.89137143
0.0299  4174.37614286
0.02992  4173.86091429
0.02994  4173.34568571
0.02996  4172.83045714
0.02998  4172.31522857
0.03  4171.8
0.03002  4049.31
0.03004  3914.91
0.03006  3769.32
0.03008  3613.08
0.0301  3445.65
0.03012  3269.4
0.03014  3085.32
0.03016  2895.25
0.03018  2700.68
0.0302  2504.82
0.03022  2309.5
0.03024  2116.99
0.03026  1928.95
0.03028  1748.74
0.0303  1576.56
0.03032  1413.78
0.03034  1262.53
0.03036  1121.85
0.03038  993.102
0.0304  875.877
0.03042  769.896
0.03044  674.691
0.03046  589.857
0.03048  514.272
0.0305  447.408
0.03052  388.365
0.03054  336.915
0.03056  291.647
0.03058  252.044
0.0306  217.657
0.03062  187.709
0.03064  161.806
0.03066  146.699
0.03068  135.103
0.0307  126.502
0.03072  121.083
0.03074  119.115
0.03076  117.178
0.03078  118.436
0.0308  121.73
0.03082  127.227
0.03084  136.652
0.03086  146.699
0.03088  163.651
0.0309  183.383
0.03092  207.638
0.03094  238.827
0.03096  275.861
0.03098  321.651
0.031  380.322
0.03102  442.023
0.03104  517.527
0.03106  610.311
0.03108  710.178
0.0311  819.627
0.03112  938.43
0.03114  1069.82
0.03116  1214.24
0.03118  1360.58
0.0312  1528.52
0.03122  1683.43
0.03124  1852.36
0.03126  1993.95
0.03128  2166.43
0.0313  2314.92
0.03132  2472
0.03134  2608.29
0.03136  2758.6
0.03138  2879.6
0.0314  2997.68
0.03142  3115.68
0.03144  3216.42
0.03146  3322.17
0.03148  3406.17
0.0315  3481.2
0.03152  3555.3
0.03154  3620.88
0.03156  3679.17
0.03158  3724.71
0.0316  3786.51
0.03162  3824.58
0.03164  3872.13
0.03166  3913.47
0.03168  3943.77
0.0317  3983.73
0.03172  4003.35
0.03174  4031.94
0.03176  4055.49
0.03178  4083.39
0.0318  4110.45
0.03182  4132.65
0.03184  4149.96
0.03186  4158.99
0.03188  4175.94
0.0319  4192.95
0.03192  4205.67
0.03194  4217.97
0.03196  4230.15
0.03198  4242.21
0.032  4254.09
0.03202  4254.09
0.03204  4261.77
0.03206  4265.88
0.03208  4285.56
0.0321  4285.56
0.03212  4293
0.03214  4296.99
0.03216  4304.34
0.03218  4300.92
0.0322  4308.27
0.03222  4315.8
0.03224  4323.3
0.03226  4319.43
0.03228  4323.3
0.0323  4323.3
0.03232  4334.28
0.03234  4330.44
0.03236  4330.44
0.03238  4330.44
0.0324  4337.82
0.03242  4337.82
0.03244  4345.14
0.03246  4345.14
0.03248  4341.6
0.0325  4348.89
0.03252  4348.89
0.03254  4341.6
0.03256  4345.14
0.03258  4345.14
0.0326  4345.14
0.03262  4348.89
0.03264  4348.89
0.03266  4348.89
0.03268  4352.13
0.0327  4345.14
0.03272  4348.89
0.03274  4345.14
0.03276  4348.89
0.03278  4348.89
0.0328  4352.13
0.03282  4348.89
0.03284  4355.85
0.03286  4355.85
0.03288  4345.14
0.0329  4355.85
0.03292  4348.89
0.03294  4352.13
0.03296  4348.89
0.03298  4345.14
0.033  4352.13
0.03302  4351.61477143
0.03304  4351.09954286
0.03306  4350.58431429
0.03308  4350.06908571
0.0331  4349.55385714
0.03312  4349.03862857
0.03314  4348.5234
0.03316  4348.00817143
0.03318  4347.49294286
0.0332  4346.97771429
0.03322  4346.46248571
0.03324  4345.94725714
0.03326  4345.43202857
0.03328  4344.9168
0.0333  4344.40157143
0.03332  4343.88634286
0.03334  4343.37111429
0.03336  4342.85588571
0.03338  4342.34065714
0.0334  4341.82542857
0.03342  4341.3102
0.03344  4340.79497143
0.03346  4340.27974286
0.03348  4339.76451429
0.0335  4339.24928571
0.03352  4338.73405714
0.03354  4338.21882857
0.03356  4337.7036
0.03358  4337.18837143
0.0336  4336.67314286
0.03362  4336.15791429
0.03364  4335.64268571
0.03366  4335.12745714
0.03368  4334.61222857
0.0337  4334.097
0.03372  4333.58177143
0.03374  4333.06654286
0.03376  4332.55131429
0.03378  4332.03608571
0.0338  4331.52085714
0.03382  4331.00562857
0.03384  4330.4904
0.03386  4329.97517143
0.03388  4329.45994286
0.0339  4328.94471429
0.03392  4328.42948571
0.03394  4327.91425714
0.03396  4327.39902857
0.03398  4326.8838
0.034  4326.36857143
0.03402  4325.85334286
0.03404  4325.33811429
0.03406  4324.82288571
0.03408  4324.30765714
0.0341  4323.79242857
0.03412  4323.2772
0.03414  4322.76197143
0.03416  4322.24674286
0.03418  4321.73151429
0.0342  4321.21628571
0.03422  4320.70105714
0.03424  4320.18582857
0.03426  4319.6706
0.03428  4319.15537143
0.0343  4318.64014286
0.03432  4318.12491429
0.03434  4317.60968571
0.03436  4317.09445714
0.03438  4316.57922857
0.0344  4316.064
0.03442  4315.54877143
0.03444  4315.03354286
0.03446  4314.51831429
0.03448  4314.00308571
0.0345  4313.48785714
0.03452  4312.97262857
0.03454  4312.4574
0.03456  4311.94217143
0.03458  4311.42694286
0.0346  4310.91171429
0.03462  4310.39648571
0.03464  4309.88125714
0.03466  4309.36602857
0.03468  4308.8508
0.0347  4308.33557143
0.03472  4307.82034286
0.03474  4307.30511429
0.03476  4306.78988571
0.03478  4306.27465714
0.0348  4305.75942857
0.03482  4305.2442
0.03484  4304.72897143
0.03486  4304.21374286
0.03488  4303.69851429
0.0349  4303.18328571
0.03492  4302.66805714
0.03494  4302.15282857
0.03496  4301.6376
0.03498  4301.12237143
0.035  4300.60714286
0.03502  4300.09191429
0.03504  4299.57668571
0.03506  4299.06145714
0.03508  4298.54622857
0.0351  4298.031
0.03512  4297.51577143
0.03514  4297.00054286
0.03516  4296.48531429
0.03518  4295.97008571
0.0352  4295.45485714
0.03522  4294.93962857
0.03524  4294.4244
0.03526  4293.90917143
0.03528  4293.39394286
0.0353  4292.87871429
0.03532  4292.36348571
0.03534  4291.84825714
0.03536  4291.33302857
0.03538  4290.8178
0.0354  4290.30257143
0.03542  4289.78734286
0.03544  4289.27211429
0.03546  4288.75688571
0.03548  4288.24165714
0.0355  4287.72642857
0.03552  4287.2112
0.03554  4286.69597143
0.03556  4286.18074286
0.03558  4285.66551429
0.0356  4285.15028571
0.03562  4284.63505714
0.03564  4284.11982857
0.03566  4283.6046
0.03568  4283.08937143
0.0357  4282.57414286
0.03572  4282.05891429
0.03574  4281.54368571
0.03576  4281.02845714
0.03578  4280.51322857
0.0358  4279.998
0.03582  4279.48277143
0.03584  4278.96754286
0.03586  4278.45231429
0.03588  4277.93708571
0.0359  4277.42185714
0.03592  4276.90662857
0.03594  4276.3914
0.03596  4275.87617143
0.03598  4275.36094286
0.036  4274.84571429
0.03602  4274.33048571
0.03604  4273.81525714
0.03606  4273.30002857
0.03608  4272.7848
0.0361  4272.26957143
0.03612  4271.75434286
0.03614  4271.23911429
0.03616  4270.72388571
0.03618  4270.20865714
0.0362  4269.69342857
0.03622  4269.1782
0.03624  4268.66297143
0.03626  4268.14774286
0.03628  4267.63251429
0.0363  4267.11728571
0.03632  4266.60205714
0.03634  4266.08682857
0.03636  4265.5716
0.03638  4265.05637143
0.0364  4264.54114286
0.03642  4264.02591429
0.03644  4263.51068571
0.03646  4262.99545714
0.03648  4262.48022857
0.0365  4261.965
0.03652  4261.44977143
0.03654  4260.93454286
0.03656  4260.41931429
0.03658  4259.90408571
0.0366  4259.38885714
0.03662  4258.87362857
0.03664  4258.3584
0.03666  4257.84317143
0.03668  4257.32794286
0.0367  4256.81271429
0.03672  4256.29748571
0.03674  4255.78225714
0.03676  4255.26702857
0.03678  4254.7518
0.0368  4254.23657143
0.03682  4253.72134286
0.03684  4253.20611429
0.03686  4252.69088571
0.03688  4252.17565714
0.0369  4251.66042857
0.03692  4251.1452
0.03694  4250.62997143
0.03696  4250.11474286
0.03698  4249.59951429
0.037  4249.08428571
0.03702  4248.56905714
0.03704  4248.05382857
0.03706  4247.5386
0.03708  4247.02337143
0.0371  4246.50814286
0.03712  4245.99291429
0.03714  4245.47768571
0.03716  4244.96245714
0.03718  4244.44722857
0.0372  4243.932
0.03722  4243.41677143
0.03724  4242.90154286
0.03726  4242.38631429
0.03728  4241.87108571
0.0373  4241.35585714
0.03732  4240.84062857
0.03734  4240.3254
0.03736  4239.81017143
0.03738  4239.29494286
0.0374  4238.77971429
0.03742  4238.26448571
0.03744  4237.74925714
0.03746  4237.23402857
0.03748  4236.7188
0.0375  4236.20357143
0.03752  4235.68834286
0.03754  4235.17311429
0.03756  4234.65788571
0.03758  4234.14265714
0.0376  4233.62742857
0.03762  4233.1122
0.03764  4232.59697143
0.03766  4232.08174286
0.03768  4231.56651429
0.0377  4231.05128571
0.03772  4230.53605714
0.03774  4230.02082857
0.03776  4229.5056
0.03778  4228.99037143
0.0378  4228.47514286
0.03782  4227.95991429
0.03784  4227.44468571
0.03786  4226.92945714
0.03788  4226.41422857
0.0379  4225.899
0.03792  4225.38377143
0.03794  4224.86854286
0.03796  4224.35331429
0.03798  4223.83808571
0.038  4223.32285714
0.03802  4222.80762857
0.03804  4222.2924
0.03806  4221.77717143
0.03808  4221.26194286
0.0381  4220.74671429
0.03812  4220.23148571
0.03814  4219.71625714
0.03816  4219.20102857
0.03818  4218.6858
0.0382  4218.17057143
0.03822  4217.65534286
0.03824  4217.14011429
0.03826  4216.62488571
0.03828  4216.10965714
0.0383  4215.59442857
0.03832  4215.0792
0.03834  4214.56397143
0.03836  4214.04874286
0.03838  4213.53351429
0.0384  4213.01828571
0.03842  4212.50305714
0.03844  4211.98782857
0.03846  4211.4726
0.03848  4210.95737143
0.0385  4210.44214286
0.03852  4209.92691429
0.03854  4209.41168571
0.03856  4208.89645714
0.03858  4208.38122857
0.0386  4207.866
0.03862  4207.35077143
0.03864  4206.83554286
0.03866  4206.32031429
0.03868  4205.80508571
0.0387  4205.28985714
0.03872  4204.77462857
0.03874  4204.2594
0.03876  4203.74417143
0.03878  4203.22894286
0.0388  4202.71371429
0.03882  4202.19848571
0.03884  4201.68325714
0.03886  4201.16802857
0.03888  4200.6528
0.0389  4200.13757143
0.03892  4199.62234286
0.03894  4199.10711429
0.03896  4198.59188571
0.03898  4198.07665714
0.039  4197.56142857
0.03902  4197.0462
0.03904  4196.53097143
0.03906  4196.01574286
0.03908  4195.50051429
0.0391  4194.98528571
0.03912  4194.47005714
0.03914  4193.95482857
0.03916  4193.4396
0.03918  4192.92437143
0.0392  4192.40914286
0.03922  4191.89391429
0.03924  4191.37868571
0.03926  4190.86345714
0.03928  4190.34822857
0.0393  4189.833
0.03932  4189.31777143
0.03934  4188.80254286
0.03936  4188.28731429
0.03938  4187.77208571
0.0394  4187.25685714
0.03942  4186.74162857
0.03944  4186.2264
0.03946  4185.71117143
0.03948  4185.19594286
0.0395  4184.68071429
0.03952  4184.16548571
0.03954  4183.65025714
0.03956  4183.13502857
0.03958  4182.6198
0.0396  4182.10457143
0.03962  4181.58934286
0.03964  4181.07411429
0.03966  4180.55888571
0.03968  4180.04365714
0.0397  4179.52842857
0.03972  4179.0132
0.03974  4178.49797143
0.03976  4177.98274286
0.03978  4177.46751429
0.0398  4176.95228571
0.03982  4176.43705714
0.03984  4175.92182857
0.03986  4175.4066
0.03988  4174.89137143
0.0399  4174.37614286
0.03992  4173.86091429
0.03994  4173.34568571
0.03996  4172.83045714
0.03998  4172.31522857
0.04  4171.8
0.04002  4049.31
0.04004  3914.91
0.04006  3769.32
0.04008  3613.08
0.0401  3445.65
0.04012  3269.4
0.04014  3085.32
0.04016  2895.25
0.04018  2700.68
0.0402  2504.82
0.04022  2309.5
0.04024  2116.99
0.04026  1928.95
0.04028  1748.74
0.0403  1576.56
0.04032  1413.78
0.04034  1262.53
0.04036  1121.85
0.04038  993.102
0.0404  875.877
0.04042  769.896
0.04044  674.691
0.04046  589.857
0.04048  514.272
0.0405  447.408
0.04052  388.365
0.04054  336.915
0.04056  291.647
0.04058  252.044
0.0406  217.657
0.04062  187.709
0.04064  161.806
0.04066  146.699
0.04068  135.103
0.0407  126.502
0.04072  121.083
0.04074  119.115
0.04076  117.178
0.04078  118.436
0.0408  121.73
0.04082  127.227
0.04084  136.652
0.04086  146.699
0.04088  163.651
0.0409  183.383
0.04092  207.638
0.04094  238.827
0.04096  275.861
0.04098  321.651
0.041  380.322
0.04102  442.023
0.04104  517.527
0.04106  610.311
0.04108  710.178
0.0411  819.627
0.04112  938.43
0.04114  1069.82
0.04116  1214.24
0.04118  1360.58
0.0412  1528.52
0.04122  1683.43
0.04124  1852.36
0.04126  1993.95
0.04128  2166.43
0.0413  2314.92
0.04132  2472
0.04134  2608.29
0.04136  2758.6
0.04138  2879.6
0.0414  2997.68
0.04142  3115.68
0.04144  3216.42
0.04146  3322.17
0.04148  3406.17
0.0415  3481.2
0.04152  3555.3
0.04154  3620.88
0.04156  3679.17
0.04158  3724.71
0.0416  3786.51
0.04162  3824.58
0.04164  3872.13
0.04166  3913.47
0.04168  3943.77
0.0417  3983.73
0.04172  4003.35
0.04174  4031.94
0.04176  4055.49
0.04178  4083.39
0.0418  4110.45
0.04182  4132.65
0.04184  4149.96
0.04186  4158.99
0.04188  4175.94
0.0419  4192.95
0.04192  4205.67
0.04194  4217.97
0.04196  4230.15
0.04198  4242.21
0.042  4254.09
0.04202  4254.09
0.04204  4261.77
0.04206  4265.88
0.04208  4285.56
0.0421  4285.56
0.04212  4293
0.04214  4296.99
0.04216  4304.34
0.04218  4300.92
0.0422  4308.27
0.04222  4315.8
0.04224  4323.3
0.04226  4319.43
0.04228  4323.3
0.0423  4323.3
0.04232  4334.28
0.04234  4330.44
0.04236  4330.44
0.04238  4330.44
0.0424  4337.82
0.04242  4337.82
0.04244  4345.14
0.04246  4345.14
0.04248  4341.6
0.0425  4348.89
0.04252  4348.89
0.04254  4341.6
0.04256  4345.14
0.04258  4345.14
0.0426  4345.14
0.04262  4348.89
0.04264  4348.89
0.04266  4348.89
0.04268  4352.13
0.0427  4345.14
0.04272  4348.89
0.04274  4345.14
0.04276  4348.89
0.04278  4348.89
0.0428  4352.13
0.04282  4348.89
0.04284  4355.85
0.04286  4355.85
0.04288  4345.14
0.0429  4355.85
0.04292  4348.89
0.04294  4352.13
0.04296  4348.89
0.04298  4345.14
0.043  4352.13
