0.00000	6953
0.00002	6748.85
0.00004	6524.85
0.00006	6282.2
0.00008	6021.8
0.00010	5742.75
0.00012	5449
0.00014	5142.2
0.00016	4825.41
0.00018	4501.12
0.00020	4174.7
0.00022	3849.16
0.00024	3528.31
0.00026	3214.93
0.00028	2914.56
0.00030	2627.6
0.00032	2356.3
0.00034	2104.22
0.00036	1869.75
0.00038	1655.17
0.00040	1459.8
0.00042	1283.16
0.00044	1124.48
0.00046	983.095
0.00048	857.12
0.00050	745.68
0.00052	647.275
0.00054	561.525
0.00056	486.078
0.00058	420.073
0.00060	362.761
0.00062	312.848
0.00064	269.677
0.00066	244.499
0.00068	225.173
0.00070	210.837
0.00072	201.805
0.00074	198.525
0.00076	195.298
0.00078	197.394
0.00080	202.884
0.00082	212.045
0.00084	227.754
0.00086	244.499
0.00088	272.752
0.00090	305.638
0.00092	346.063
0.00094	398.045
0.00096	459.768
0.00098	536.085
0.00100	633.87
0.00102	736.705
0.00104	862.545
0.00106	1017.19
0.00108	1183.63
0.00110	1366.05
0.00112	1564.05
0.00114	1783.03
0.00116	2023.72
0.00118	2267.63
0.00120	2547.53
0.00122	2805.72
0.00124	3087.27
0.00126	3323.25
0.00128	3610.72
0.00130	3858.2
0.00132	4120
0.00134	4347.16
0.00136	4597.66
0.00138	4799.34
0.00140	4996.12
0.00142	5192.8
0.00144	5360.7
0.00146	5536.95
0.00148	5676.95
0.00150	5802
0.00152	5925.5
0.00154	6034.8
0.00156	6131.95
0.00158	6207.85
0.00160	6310.85
0.00162	6374.3
0.00164	6453.55
0.00166	6522.45
0.00168	6572.95
0.00170	6639.55
0.00172	6672.25
0.00174	6719.9
0.00176	6759.15
0.00178	6805.65
0.00180	6850.75
0.00182	6887.75
0.00184	6916.6
0.00186	6931.65
0.00188	6959.9
0.00190	6988.25
0.00192	7009.45
0.00194	7029.95
0.00196	7050.25
0.00198	7070.35
0.00200	7090.15
0.00202	7090.15
0.00204	7102.95
0.00206	7109.8
0.00208	7142.6
0.00210	7142.6
0.00212	7155
0.00214	7161.65
0.00216	7173.9
0.00218	7168.2
0.00220	7180.45
0.00222	7193
0.00224	7205.5
0.00226	7199.05
0.00228	7205.5
0.00230	7205.5
0.00232	7223.8
0.00234	7217.4
0.00236	7217.4
0.00238	7217.4
0.00240	7229.7
0.00242	7229.7
0.00244	7241.9
0.00246	7241.9
0.00248	7236
0.00250	7248.15
0.00252	7248.15
0.00254	7236
0.00256	7241.9
0.00258	7241.9
0.00260	7241.9
0.00262	7248.15
0.00264	7248.15
0.00266	7248.15
0.00268	7253.55
0.00270	7241.9
0.00272	7248.15
0.00274	7241.9
0.00276	7248.15
0.00278	7248.15
0.00280	7253.55
0.00282	7248.15
0.00284	7259.75
0.00286	7259.75
0.00288	7241.9
0.00290	7259.75
0.00292	7248.15
0.00294	7253.55
0.00296	7248.15
0.00298	7241.9
0.00300	7253.55
0.00302	7252.69
0.00304	7251.83
0.00306	7250.97
0.00308	7250.12
0.0031	7249.26
0.00312	7248.4
0.00314	7247.54
0.00316	7246.68
0.00318	7245.82
0.0032	7244.96
0.00322	7244.1
0.00324	7243.25
0.00326	7242.39
0.00328	7241.53
0.0033	7240.67
0.00332	7239.81
0.00334	7238.95
0.00336	7238.09
0.00338	7237.23
0.0034	7236.38
0.00342	7235.52
0.00344	7234.66
0.00346	7233.8
0.00348	7232.94
0.0035	7232.08
0.00352	7231.22
0.00354	7230.36
0.00356	7229.51
0.00358	7228.65
0.0036	7227.79
0.00362	7226.93
0.00364	7226.07
0.00366	7225.21
0.00368	7224.35
0.0037	7223.5
0.00372	7222.64
0.00374	7221.78
0.00376	7220.92
0.00378	7220.06
0.0038	7219.2
0.00382	7218.34
0.00384	7217.48
0.00386	7216.63
0.00388	7215.77
0.0039	7214.91
0.00392	7214.05
0.00394	7213.19
0.00396	7212.33
0.00398	7211.47
0.004	7210.61
0.00402	7209.76
0.00404	7208.9
0.00406	7208.04
0.00408	7207.18
0.0041	7206.32
0.00412	7205.46
0.00414	7204.6
0.00416	7203.74
0.00418	7202.89
0.0042	7202.03
0.00422	7201.17
0.00424	7200.31
0.00426	7199.45
0.00428	7198.59
0.0043	7197.73
0.00432	7196.87
0.00434	7196.02
0.00436	7195.16
0.00438	7194.3
0.0044	7193.44
0.00442	7192.58
0.00444	7191.72
0.00446	7190.86
0.00448	7190.01
0.0045	7189.15
0.00452	7188.29
0.00454	7187.43
0.00456	7186.57
0.00458	7185.71
0.0046	7184.85
0.00462	7183.99
0.00464	7183.14
0.00466	7182.28
0.00468	7181.42
0.0047	7180.56
0.00472	7179.7
0.00474	7178.84
0.00476	7177.98
0.00478	7177.12
0.0048	7176.27
0.00482	7175.41
0.00484	7174.55
0.00486	7173.69
0.00488	7172.83
0.0049	7171.97
0.00492	7171.11
0.00494	7170.25
0.00496	7169.4
0.00498	7168.54
0.005	7167.68
0.00502	7166.82
0.00504	7165.96
0.00506	7165.1
0.00508	7164.24
0.0051	7163.38
0.00512	7162.53
0.00514	7161.67
0.00516	7160.81
0.00518	7159.95
0.0052	7159.09
0.00522	7158.23
0.00524	7157.37
0.00526	7156.52
0.00528	7155.66
0.0053	7154.8
0.00532	7153.94
0.00534	7153.08
0.00536	7152.22
0.00538	7151.36
0.0054	7150.5
0.00542	7149.65
0.00544	7148.79
0.00546	7147.93
0.00548	7147.07
0.0055	7146.21
0.00552	7145.35
0.00554	7144.49
0.00556	7143.63
0.00558	7142.78
0.0056	7141.92
0.00562	7141.06
0.00564	7140.2
0.00566	7139.34
0.00568	7138.48
0.0057	7137.62
0.00572	7136.76
0.00574	7135.91
0.00576	7135.05
0.00578	7134.19
0.0058	7133.33
0.00582	7132.47
0.00584	7131.61
0.00586	7130.75
0.00588	7129.9
0.0059	7129.04
0.00592	7128.18
0.00594	7127.32
0.00596	7126.46
0.00598	7125.6
0.006	7124.74
0.00602	7123.88
0.00604	7123.03
0.00606	7122.17
0.00608	7121.31
0.0061	7120.45
0.00612	7119.59
0.00614	7118.73
0.00616	7117.87
0.00618	7117.01
0.0062	7116.16
0.00622	7115.3
0.00624	7114.44
0.00626	7113.58
0.00628	7112.72
0.0063	7111.86
0.00632	7111
0.00634	7110.14
0.00636	7109.29
0.00638	7108.43
0.0064	7107.57
0.00642	7106.71
0.00644	7105.85
0.00646	7104.99
0.00648	7104.13
0.0065	7103.27
0.00652	7102.42
0.00654	7101.56
0.00656	7100.7
0.00658	7099.84
0.0066	7098.98
0.00662	7098.12
0.00664	7097.26
0.00666	7096.41
0.00668	7095.55
0.0067	7094.69
0.00672	7093.83
0.00674	7092.97
0.00676	7092.11
0.00678	7091.25
0.0068	7090.39
0.00682	7089.54
0.00684	7088.68
0.00686	7087.82
0.00688	7086.96
0.0069	7086.1
0.00692	7085.24
0.00694	7084.38
0.00696	7083.52
0.00698	7082.67
0.007	7081.81
0.00702	7080.95
0.00704	7080.09
0.00706	7079.23
0.00708	7078.37
0.0071	7077.51
0.00712	7076.65
0.00714	7075.8
0.00716	7074.94
0.00718	7074.08
0.0072	7073.22
0.00722	7072.36
0.00724	7071.5
0.00726	7070.64
0.00728	7069.79
0.0073	7068.93
0.00732	7068.07
0.00734	7067.21
0.00736	7066.35
0.00738	7065.49
0.0074	7064.63
0.00742	7063.77
0.00744	7062.92
0.00746	7062.06
0.00748	7061.2
0.0075	7060.34
0.00752	7059.48
0.00754	7058.62
0.00756	7057.76
0.00758	7056.9
0.0076	7056.05
0.00762	7055.19
0.00764	7054.33
0.00766	7053.47
0.00768	7052.61
0.0077	7051.75
0.00772	7050.89
0.00774	7050.03
0.00776	7049.18
0.00778	7048.32
0.0078	7047.46
0.00782	7046.6
0.00784	7045.74
0.00786	7044.88
0.00788	7044.02
0.0079	7043.16
0.00792	7042.31
0.00794	7041.45
0.00796	7040.59
0.00798	7039.73
0.008	7038.87
0.00802	7038.01
0.00804	7037.15
0.00806	7036.3
0.00808	7035.44
0.0081	7034.58
0.00812	7033.72
0.00814	7032.86
0.00816	7032
0.00818	7031.14
0.0082	7030.28
0.00822	7029.43
0.00824	7028.57
0.00826	7027.71
0.00828	7026.85
0.0083	7025.99
0.00832	7025.13
0.00834	7024.27
0.00836	7023.41
0.00838	7022.56
0.0084	7021.7
0.00842	7020.84
0.00844	7019.98
0.00846	7019.12
0.00848	7018.26
0.0085	7017.4
0.00852	7016.54
0.00854	7015.69
0.00856	7014.83
0.00858	7013.97
0.0086	7013.11
0.00862	7012.25
0.00864	7011.39
0.00866	7010.53
0.00868	7009.68
0.0087	7008.82
0.00872	7007.96
0.00874	7007.1
0.00876	7006.24
0.00878	7005.38
0.0088	7004.52
0.00882	7003.66
0.00884	7002.81
0.00886	7001.95
0.00888	7001.09
0.0089	7000.23
0.00892	6999.37
0.00894	6998.51
0.00896	6997.65
0.00898	6996.79
0.009	6995.94
0.00902	6995.08
0.00904	6994.22
0.00906	6993.36
0.00908	6992.5
0.0091	6991.64
0.00912	6990.78
0.00914	6989.92
0.00916	6989.07
0.00918	6988.21
0.0092	6987.35
0.00922	6986.49
0.00924	6985.63
0.00926	6984.77
0.00928	6983.91
0.0093	6983.06
0.00932	6982.2
0.00934	6981.34
0.00936	6980.48
0.00938	6979.62
0.0094	6978.76
0.00942	6977.9
0.00944	6977.04
0.00946	6976.19
0.00948	6975.33
0.0095	6974.47
0.00952	6973.61
0.00954	6972.75
0.00956	6971.89
0.00958	6971.03
0.0096	6970.17
0.00962	6969.32
0.00964	6968.46
0.00966	6967.6
0.00968	6966.74
0.0097	6965.88
0.00972	6965.02
0.00974	6964.16
0.00976	6963.3
0.00978	6962.45
0.0098	6961.59
0.00982	6960.73
0.00984	6959.87
0.00986	6959.01
0.00988	6958.15
0.0099	6957.29
0.00992	6956.43
0.00994	6955.58
0.00996	6954.72
0.00998	6953.86
0.01	6953
0.01002	6748.85
0.01004	6524.85
0.01006	6282.2
0.01008	6021.8
0.0101	5742.75
0.01012	5449
0.01014	5142.2
0.01016	4825.41
0.01018	4501.12
0.0102	4174.7
0.01022	3849.16
0.01024	3528.31
0.01026	3214.93
0.01028	2914.56
0.0103	2627.6
0.01032	2356.3
0.01034	2104.22
0.01036	1869.75
0.01038	1655.17
0.0104	1459.8
0.01042	1283.16
0.01044	1124.48
0.01046	983.095
0.01048	857.12
0.0105	745.68
0.01052	647.275
0.01054	561.525
0.01056	486.078
0.01058	420.073
0.0106	362.761
0.01062	312.848
0.01064	269.677
0.01066	244.499
0.01068	225.173
0.0107	210.837
0.01072	201.805
0.01074	198.525
0.01076	195.298
0.01078	197.394
0.0108	202.884
0.01082	212.045
0.01084	227.754
0.01086	244.499
0.01088	272.752
0.0109	305.638
0.01092	346.063
0.01094	398.045
0.01096	459.768
0.01098	536.085
0.011	633.87
0.01102	736.705
0.01104	862.545
0.01106	1017.19
0.01108	1183.63
0.0111	1366.05
0.01112	1564.05
0.01114	1783.03
0.01116	2023.72
0.01118	2267.63
0.0112	2547.53
0.01122	2805.72
0.01124	3087.27
0.01126	3323.25
0.01128	3610.72
0.0113	3858.2
0.01132	4120
0.01134	4347.16
0.01136	4597.66
0.01138	4799.34
0.0114	4996.12
0.01142	5192.8
0.01144	5360.7
0.01146	5536.95
0.01148	5676.95
0.0115	5802
0.01152	5925.5
0.01154	6034.8
0.01156	6131.95
0.01158	6207.85
0.0116	6310.85
0.01162	6374.3
0.01164	6453.55
0.01166	6522.45
0.01168	6572.95
0.0117	6639.55
0.01172	6672.25
0.01174	6719.9
0.01176	6759.15
0.01178	6805.65
0.0118	6850.75
0.01182	6887.75
0.01184	6916.6
0.01186	6931.65
0.01188	6959.9
0.0119	6988.25
0.01192	7009.45
0.01194	7029.95
0.01196	7050.25
0.01198	7070.35
0.012	7090.15
0.01202	7090.15
0.01204	7102.95
0.01206	7109.8
0.01208	7142.6
0.0121	7142.6
0.01212	7155
0.01214	7161.65
0.01216	7173.9
0.01218	7168.2
0.0122	7180.45
0.01222	7193
0.01224	7205.5
0.01226	7199.05
0.01228	7205.5
0.0123	7205.5
0.01232	7223.8
0.01234	7217.4
0.01236	7217.4
0.01238	7217.4
0.0124	7229.7
0.01242	7229.7
0.01244	7241.9
0.01246	7241.9
0.01248	7236
0.0125	7248.15
0.01252	7248.15
0.01254	7236
0.01256	7241.9
0.01258	7241.9
0.0126	7241.9
0.01262	7248.15
0.01264	7248.15
0.01266	7248.15
0.01268	7253.55
0.0127	7241.9
0.01272	7248.15
0.01274	7241.9
0.01276	7248.15
0.01278	7248.15
0.0128	7253.55
0.01282	7248.15
0.01284	7259.75
0.01286	7259.75
0.01288	7241.9
0.0129	7259.75
0.01292	7248.15
0.01294	7253.55
0.01296	7248.15
0.01298	7241.9
0.013	7253.55
0.01302	7252.69
0.01304	7251.83
0.01306	7250.97
0.01308	7250.12
0.0131	7249.26
0.01312	7248.4
0.01314	7247.54
0.01316	7246.68
0.01318	7245.82
0.0132	7244.96
0.01322	7244.1
0.01324	7243.25
0.01326	7242.39
0.01328	7241.53
0.0133	7240.67
0.01332	7239.81
0.01334	7238.95
0.01336	7238.09
0.01338	7237.23
0.0134	7236.38
0.01342	7235.52
0.01344	7234.66
0.01346	7233.8
0.01348	7232.94
0.0135	7232.08
0.01352	7231.22
0.01354	7230.36
0.01356	7229.51
0.01358	7228.65
0.0136	7227.79
0.01362	7226.93
0.01364	7226.07
0.01366	7225.21
0.01368	7224.35
0.0137	7223.5
0.01372	7222.64
0.01374	7221.78
0.01376	7220.92
0.01378	7220.06
0.0138	7219.2
0.01382	7218.34
0.01384	7217.48
0.01386	7216.63
0.01388	7215.77
0.0139	7214.91
0.01392	7214.05
0.01394	7213.19
0.01396	7212.33
0.01398	7211.47
0.014	7210.61
0.01402	7209.76
0.01404	7208.9
0.01406	7208.04
0.01408	7207.18
0.0141	7206.32
0.01412	7205.46
0.01414	7204.6
0.01416	7203.74
0.01418	7202.89
0.0142	7202.03
0.01422	7201.17
0.01424	7200.31
0.01426	7199.45
0.01428	7198.59
0.0143	7197.73
0.01432	7196.87
0.01434	7196.02
0.01436	7195.16
0.01438	7194.3
0.0144	7193.44
0.01442	7192.58
0.01444	7191.72
0.01446	7190.86
0.01448	7190.01
0.0145	7189.15
0.01452	7188.29
0.01454	7187.43
0.01456	7186.57
0.01458	7185.71
0.0146	7184.85
0.01462	7183.99
0.01464	7183.14
0.01466	7182.28
0.01468	7181.42
0.0147	7180.56
0.01472	7179.7
0.01474	7178.84
0.01476	7177.98
0.01478	7177.12
0.0148	7176.27
0.01482	7175.41
0.01484	7174.55
0.01486	7173.69
0.01488	7172.83
0.0149	7171.97
0.01492	7171.11
0.01494	7170.25
0.01496	7169.4
0.01498	7168.54
0.015	7167.68
0.01502	7166.82
0.01504	7165.96
0.01506	7165.1
0.01508	7164.24
0.0151	7163.38
0.01512	7162.53
0.01514	7161.67
0.01516	7160.81
0.01518	7159.95
0.0152	7159.09
0.01522	7158.23
0.01524	7157.37
0.01526	7156.52
0.01528	7155.66
0.0153	7154.8
0.01532	7153.94
0.01534	7153.08
0.01536	7152.22
0.01538	7151.36
0.0154	7150.5
0.01542	7149.65
0.01544	7148.79
0.01546	7147.93
0.01548	7147.07
0.0155	7146.21
0.01552	7145.35
0.01554	7144.49
0.01556	7143.63
0.01558	7142.78
0.0156	7141.92
0.01562	7141.06
0.01564	7140.2
0.01566	7139.34
0.01568	7138.48
0.0157	7137.62
0.01572	7136.76
0.01574	7135.91
0.01576	7135.05
0.01578	7134.19
0.0158	7133.33
0.01582	7132.47
0.01584	7131.61
0.01586	7130.75
0.01588	7129.9
0.0159	7129.04
0.01592	7128.18
0.01594	7127.32
0.01596	7126.46
0.01598	7125.6
0.016	7124.74
0.01602	7123.88
0.01604	7123.03
0.01606	7122.17
0.01608	7121.31
0.0161	7120.45
0.01612	7119.59
0.01614	7118.73
0.01616	7117.87
0.01618	7117.01
0.0162	7116.16
0.01622	7115.3
0.01624	7114.44
0.01626	7113.58
0.01628	7112.72
0.0163	7111.86
0.01632	7111
0.01634	7110.14
0.01636	7109.29
0.01638	7108.43
0.0164	7107.57
0.01642	7106.71
0.01644	7105.85
0.01646	7104.99
0.01648	7104.13
0.0165	7103.27
0.01652	7102.42
0.01654	7101.56
0.01656	7100.7
0.01658	7099.84
0.0166	7098.98
0.01662	7098.12
0.01664	7097.26
0.01666	7096.41
0.01668	7095.55
0.0167	7094.69
0.01672	7093.83
0.01674	7092.97
0.01676	7092.11
0.01678	7091.25
0.0168	7090.39
0.01682	7089.54
0.01684	7088.68
0.01686	7087.82
0.01688	7086.96
0.0169	7086.1
0.01692	7085.24
0.01694	7084.38
0.01696	7083.52
0.01698	7082.67
0.017	7081.81
0.01702	7080.95
0.01704	7080.09
0.01706	7079.23
0.01708	7078.37
0.0171	7077.51
0.01712	7076.65
0.01714	7075.8
0.01716	7074.94
0.01718	7074.08
0.0172	7073.22
0.01722	7072.36
0.01724	7071.5
0.01726	7070.64
0.01728	7069.79
0.0173	7068.93
0.01732	7068.07
0.01734	7067.21
0.01736	7066.35
0.01738	7065.49
0.0174	7064.63
0.01742	7063.77
0.01744	7062.92
0.01746	7062.06
0.01748	7061.2
0.0175	7060.34
0.01752	7059.48
0.01754	7058.62
0.01756	7057.76
0.01758	7056.9
0.0176	7056.05
0.01762	7055.19
0.01764	7054.33
0.01766	7053.47
0.01768	7052.61
0.0177	7051.75
0.01772	7050.89
0.01774	7050.03
0.01776	7049.18
0.01778	7048.32
0.0178	7047.46
0.01782	7046.6
0.01784	7045.74
0.01786	7044.88
0.01788	7044.02
0.0179	7043.16
0.01792	7042.31
0.01794	7041.45
0.01796	7040.59
0.01798	7039.73
0.018	7038.87
0.01802	7038.01
0.01804	7037.15
0.01806	7036.3
0.01808	7035.44
0.0181	7034.58
0.01812	7033.72
0.01814	7032.86
0.01816	7032
0.01818	7031.14
0.0182	7030.28
0.01822	7029.43
0.01824	7028.57
0.01826	7027.71
0.01828	7026.85
0.0183	7025.99
0.01832	7025.13
0.01834	7024.27
0.01836	7023.41
0.01838	7022.56
0.0184	7021.7
0.01842	7020.84
0.01844	7019.98
0.01846	7019.12
0.01848	7018.26
0.0185	7017.4
0.01852	7016.54
0.01854	7015.69
0.01856	7014.83
0.01858	7013.97
0.0186	7013.11
0.01862	7012.25
0.01864	7011.39
0.01866	7010.53
0.01868	7009.68
0.0187	7008.82
0.01872	7007.96
0.01874	7007.1
0.01876	7006.24
0.01878	7005.38
0.0188	7004.52
0.01882	7003.66
0.01884	7002.81
0.01886	7001.95
0.01888	7001.09
0.0189	7000.23
0.01892	6999.37
0.01894	6998.51
0.01896	6997.65
0.01898	6996.79
0.019	6995.94
0.01902	6995.08
0.01904	6994.22
0.01906	6993.36
0.01908	6992.5
0.0191	6991.64
0.01912	6990.78
0.01914	6989.92
0.01916	6989.07
0.01918	6988.21
0.0192	6987.35
0.01922	6986.49
0.01924	6985.63
0.01926	6984.77
0.01928	6983.91
0.0193	6983.06
0.01932	6982.2
0.01934	6981.34
0.01936	6980.48
0.01938	6979.62
0.0194	6978.76
0.01942	6977.9
0.01944	6977.04
0.01946	6976.19
0.01948	6975.33
0.0195	6974.47
0.01952	6973.61
0.01954	6972.75
0.01956	6971.89
0.01958	6971.03
0.0196	6970.17
0.01962	6969.32
0.01964	6968.46
0.01966	6967.6
0.01968	6966.74
0.0197	6965.88
0.01972	6965.02
0.01974	6964.16
0.01976	6963.3
0.01978	6962.45
0.0198	6961.59
0.01982	6960.73
0.01984	6959.87
0.01986	6959.01
0.01988	6958.15
0.0199	6957.29
0.01992	6956.43
0.01994	6955.58
0.01996	6954.72
0.01998	6953.86
0.02	6953
0.02002	6748.85
0.02004	6524.85
0.02006	6282.2
0.02008	6021.8
0.0201	5742.75
0.02012	5449
0.02014	5142.2
0.02016	4825.41
0.02018	4501.12
0.0202	4174.7
0.02022	3849.16
0.02024	3528.31
0.02026	3214.93
0.02028	2914.56
0.0203	2627.6
0.02032	2356.3
0.02034	2104.22
0.02036	1869.75
0.02038	1655.17
0.0204	1459.8
0.02042	1283.16
0.02044	1124.48
0.02046	983.095
0.02048	857.12
0.0205	745.68
0.02052	647.275
0.02054	561.525
0.02056	486.078
0.02058	420.073
0.0206	362.761
0.02062	312.848
0.02064	269.677
0.02066	244.499
0.02068	225.173
0.0207	210.837
0.02072	201.805
0.02074	198.525
0.02076	195.298
0.02078	197.394
0.0208	202.884
0.02082	212.045
0.02084	227.754
0.02086	244.499
0.02088	272.752
0.0209	305.638
0.02092	346.063
0.02094	398.045
0.02096	459.768
0.02098	536.085
0.021	633.87
0.02102	736.705
0.02104	862.545
0.02106	1017.19
0.02108	1183.63
0.0211	1366.05
0.02112	1564.05
0.02114	1783.03
0.02116	2023.72
0.02118	2267.63
0.0212	2547.53
0.02122	2805.72
0.02124	3087.27
0.02126	3323.25
0.02128	3610.72
0.0213	3858.2
0.02132	4120
0.02134	4347.16
0.02136	4597.66
0.02138	4799.34
0.0214	4996.12
0.02142	5192.8
0.02144	5360.7
0.02146	5536.95
0.02148	5676.95
0.0215	5802
0.02152	5925.5
0.02154	6034.8
0.02156	6131.95
0.02158	6207.85
0.0216	6310.85
0.02162	6374.3
0.02164	6453.55
0.02166	6522.45
0.02168	6572.95
0.0217	6639.55
0.02172	6672.25
0.02174	6719.9
0.02176	6759.15
0.02178	6805.65
0.0218	6850.75
0.02182	6887.75
0.02184	6916.6
0.02186	6931.65
0.02188	6959.9
0.0219	6988.25
0.02192	7009.45
0.02194	7029.95
0.02196	7050.25
0.02198	7070.35
0.022	7090.15
0.02202	7090.15
0.02204	7102.95
0.02206	7109.8
0.02208	7142.6
0.0221	7142.6
0.02212	7155
0.02214	7161.65
0.02216	7173.9
0.02218	7168.2
0.0222	7180.45
0.02222	7193
0.02224	7205.5
0.02226	7199.05
0.02228	7205.5
0.0223	7205.5
0.02232	7223.8
0.02234	7217.4
0.02236	7217.4
0.02238	7217.4
0.0224	7229.7
0.02242	7229.7
0.02244	7241.9
0.02246	7241.9
0.02248	7236
0.0225	7248.15
0.02252	7248.15
0.02254	7236
0.02256	7241.9
0.02258	7241.9
0.0226	7241.9
0.02262	7248.15
0.02264	7248.15
0.02266	7248.15
0.02268	7253.55
0.0227	7241.9
0.02272	7248.15
0.02274	7241.9
0.02276	7248.15
0.02278	7248.15
0.0228	7253.55
0.02282	7248.15
0.02284	7259.75
0.02286	7259.75
0.02288	7241.9
0.0229	7259.75
0.02292	7248.15
0.02294	7253.55
0.02296	7248.15
0.02298	7241.9
0.023	7253.55
0.02302	7252.69
0.02304	7251.83
0.02306	7250.97
0.02308	7250.12
0.0231	7249.26
0.02312	7248.4
0.02314	7247.54
0.02316	7246.68
0.02318	7245.82
0.0232	7244.96
0.02322	7244.1
0.02324	7243.25
0.02326	7242.39
0.02328	7241.53
0.0233	7240.67
0.02332	7239.81
0.02334	7238.95
0.02336	7238.09
0.02338	7237.23
0.0234	7236.38
0.02342	7235.52
0.02344	7234.66
0.02346	7233.8
0.02348	7232.94
0.0235	7232.08
0.02352	7231.22
0.02354	7230.36
0.02356	7229.51
0.02358	7228.65
0.0236	7227.79
0.02362	7226.93
0.02364	7226.07
0.02366	7225.21
0.02368	7224.35
0.0237	7223.5
0.02372	7222.64
0.02374	7221.78
0.02376	7220.92
0.02378	7220.06
0.0238	7219.2
0.02382	7218.34
0.02384	7217.48
0.02386	7216.63
0.02388	7215.77
0.0239	7214.91
0.02392	7214.05
0.02394	7213.19
0.02396	7212.33
0.02398	7211.47
0.024	7210.61
0.02402	7209.76
0.02404	7208.9
0.02406	7208.04
0.02408	7207.18
0.0241	7206.32
0.02412	7205.46
0.02414	7204.6
0.02416	7203.74
0.02418	7202.89
0.0242	7202.03
0.02422	7201.17
0.02424	7200.31
0.02426	7199.45
0.02428	7198.59
0.0243	7197.73
0.02432	7196.87
0.02434	7196.02
0.02436	7195.16
0.02438	7194.3
0.0244	7193.44
0.02442	7192.58
0.02444	7191.72
0.02446	7190.86
0.02448	7190.01
0.0245	7189.15
0.02452	7188.29
0.02454	7187.43
0.02456	7186.57
0.02458	7185.71
0.0246	7184.85
0.02462	7183.99
0.02464	7183.14
0.02466	7182.28
0.02468	7181.42
0.0247	7180.56
0.02472	7179.7
0.02474	7178.84
0.02476	7177.98
0.02478	7177.12
0.0248	7176.27
0.02482	7175.41
0.02484	7174.55
0.02486	7173.69
0.02488	7172.83
0.0249	7171.97
0.02492	7171.11
0.02494	7170.25
0.02496	7169.4
0.02498	7168.54
0.025	7167.68
0.02502	7166.82
0.02504	7165.96
0.02506	7165.1
0.02508	7164.24
0.0251	7163.38
0.02512	7162.53
0.02514	7161.67
0.02516	7160.81
0.02518	7159.95
0.0252	7159.09
0.02522	7158.23
0.02524	7157.37
0.02526	7156.52
0.02528	7155.66
0.0253	7154.8
0.02532	7153.94
0.02534	7153.08
0.02536	7152.22
0.02538	7151.36
0.0254	7150.5
0.02542	7149.65
0.02544	7148.79
0.02546	7147.93
0.02548	7147.07
0.0255	7146.21
0.02552	7145.35
0.02554	7144.49
0.02556	7143.63
0.02558	7142.78
0.0256	7141.92
0.02562	7141.06
0.02564	7140.2
0.02566	7139.34
0.02568	7138.48
0.0257	7137.62
0.02572	7136.76
0.02574	7135.91
0.02576	7135.05
0.02578	7134.19
0.0258	7133.33
0.02582	7132.47
0.02584	7131.61
0.02586	7130.75
0.02588	7129.9
0.0259	7129.04
0.02592	7128.18
0.02594	7127.32
0.02596	7126.46
0.02598	7125.6
0.026	7124.74
0.02602	7123.88
0.02604	7123.03
0.02606	7122.17
0.02608	7121.31
0.0261	7120.45
0.02612	7119.59
0.02614	7118.73
0.02616	7117.87
0.02618	7117.01
0.0262	7116.16
0.02622	7115.3
0.02624	7114.44
0.02626	7113.58
0.02628	7112.72
0.0263	7111.86
0.02632	7111
0.02634	7110.14
0.02636	7109.29
0.02638	7108.43
0.0264	7107.57
0.02642	7106.71
0.02644	7105.85
0.02646	7104.99
0.02648	7104.13
0.0265	7103.27
0.02652	7102.42
0.02654	7101.56
0.02656	7100.7
0.02658	7099.84
0.0266	7098.98
0.02662	7098.12
0.02664	7097.26
0.02666	7096.41
0.02668	7095.55
0.0267	7094.69
0.02672	7093.83
0.02674	7092.97
0.02676	7092.11
0.02678	7091.25
0.0268	7090.39
0.02682	7089.54
0.02684	7088.68
0.02686	7087.82
0.02688	7086.96
0.0269	7086.1
0.02692	7085.24
0.02694	7084.38
0.02696	7083.52
0.02698	7082.67
0.027	7081.81
0.02702	7080.95
0.02704	7080.09
0.02706	7079.23
0.02708	7078.37
0.0271	7077.51
0.02712	7076.65
0.02714	7075.8
0.02716	7074.94
0.02718	7074.08
0.0272	7073.22
0.02722	7072.36
0.02724	7071.5
0.02726	7070.64
0.02728	7069.79
0.0273	7068.93
0.02732	7068.07
0.02734	7067.21
0.02736	7066.35
0.02738	7065.49
0.0274	7064.63
0.02742	7063.77
0.02744	7062.92
0.02746	7062.06
0.02748	7061.2
0.0275	7060.34
0.02752	7059.48
0.02754	7058.62
0.02756	7057.76
0.02758	7056.9
0.0276	7056.05
0.02762	7055.19
0.02764	7054.33
0.02766	7053.47
0.02768	7052.61
0.0277	7051.75
0.02772	7050.89
0.02774	7050.03
0.02776	7049.18
0.02778	7048.32
0.0278	7047.46
0.02782	7046.6
0.02784	7045.74
0.02786	7044.88
0.02788	7044.02
0.0279	7043.16
0.02792	7042.31
0.02794	7041.45
0.02796	7040.59
0.02798	7039.73
0.028	7038.87
0.02802	7038.01
0.02804	7037.15
0.02806	7036.3
0.02808	7035.44
0.0281	7034.58
0.02812	7033.72
0.02814	7032.86
0.02816	7032
0.02818	7031.14
0.0282	7030.28
0.02822	7029.43
0.02824	7028.57
0.02826	7027.71
0.02828	7026.85
0.0283	7025.99
0.02832	7025.13
0.02834	7024.27
0.02836	7023.41
0.02838	7022.56
0.0284	7021.7
0.02842	7020.84
0.02844	7019.98
0.02846	7019.12
0.02848	7018.26
0.0285	7017.4
0.02852	7016.54
0.02854	7015.69
0.02856	7014.83
0.02858	7013.97
0.0286	7013.11
0.02862	7012.25
0.02864	7011.39
0.02866	7010.53
0.02868	7009.68
0.0287	7008.82
0.02872	7007.96
0.02874	7007.1
0.02876	7006.24
0.02878	7005.38
0.0288	7004.52
0.02882	7003.66
0.02884	7002.81
0.02886	7001.95
0.02888	7001.09
0.0289	7000.23
0.02892	6999.37
0.02894	6998.51
0.02896	6997.65
0.02898	6996.79
0.029	6995.94
0.02902	6995.08
0.02904	6994.22
0.02906	6993.36
0.02908	6992.5
0.0291	6991.64
0.02912	6990.78
0.02914	6989.92
0.02916	6989.07
0.02918	6988.21
0.0292	6987.35
0.02922	6986.49
0.02924	6985.63
0.02926	6984.77
0.02928	6983.91
0.0293	6983.06
0.02932	6982.2
0.02934	6981.34
0.02936	6980.48
0.02938	6979.62
0.0294	6978.76
0.02942	6977.9
0.02944	6977.04
0.02946	6976.19
0.02948	6975.33
0.0295	6974.47
0.02952	6973.61
0.02954	6972.75
0.02956	6971.89
0.02958	6971.03
0.0296	6970.17
0.02962	6969.32
0.02964	6968.46
0.02966	6967.6
0.02968	6966.74
0.0297	6965.88
0.02972	6965.02
0.02974	6964.16
0.02976	6963.3
0.02978	6962.45
0.0298	6961.59
0.02982	6960.73
0.02984	6959.87
0.02986	6959.01
0.02988	6958.15
0.0299	6957.29
0.02992	6956.43
0.02994	6955.58
0.02996	6954.72
0.02998	6953.86
0.03	6953
0.03002	6748.85
0.03004	6524.85
0.03006	6282.2
0.03008	6021.8
0.0301	5742.75
0.03012	5449
0.03014	5142.2
0.03016	4825.41
0.03018	4501.12
0.0302	4174.7
0.03022	3849.16
0.03024	3528.31
0.03026	3214.93
0.03028	2914.56
0.0303	2627.6
0.03032	2356.3
0.03034	2104.22
0.03036	1869.75
0.03038	1655.17
0.0304	1459.8
0.03042	1283.16
0.03044	1124.48
0.03046	983.095
0.03048	857.12
0.0305	745.68
0.03052	647.275
0.03054	561.525
0.03056	486.078
0.03058	420.073
0.0306	362.761
0.03062	312.848
0.03064	269.677
0.03066	244.499
0.03068	225.173
0.0307	210.837
0.03072	201.805
0.03074	198.525
0.03076	195.298
0.03078	197.394
0.0308	202.884
0.03082	212.045
0.03084	227.754
0.03086	244.499
0.03088	272.752
0.0309	305.638
0.03092	346.063
0.03094	398.045
0.03096	459.768
0.03098	536.085
0.031	633.87
0.03102	736.705
0.03104	862.545
0.03106	1017.19
0.03108	1183.63
0.0311	1366.05
0.03112	1564.05
0.03114	1783.03
0.03116	2023.72
0.03118	2267.63
0.0312	2547.53
0.03122	2805.72
0.03124	3087.27
0.03126	3323.25
0.03128	3610.72
0.0313	3858.2
0.03132	4120
0.03134	4347.16
0.03136	4597.66
0.03138	4799.34
0.0314	4996.12
0.03142	5192.8
0.03144	5360.7
0.03146	5536.95
0.03148	5676.95
0.0315	5802
0.03152	5925.5
0.03154	6034.8
0.03156	6131.95
0.03158	6207.85
0.0316	6310.85
0.03162	6374.3
0.03164	6453.55
0.03166	6522.45
0.03168	6572.95
0.0317	6639.55
0.03172	6672.25
0.03174	6719.9
0.03176	6759.15
0.03178	6805.65
0.0318	6850.75
0.03182	6887.75
0.03184	6916.6
0.03186	6931.65
0.03188	6959.9
0.0319	6988.25
0.03192	7009.45
0.03194	7029.95
0.03196	7050.25
0.03198	7070.35
0.032	7090.15
0.03202	7090.15
0.03204	7102.95
0.03206	7109.8
0.03208	7142.6
0.0321	7142.6
0.03212	7155
0.03214	7161.65
0.03216	7173.9
0.03218	7168.2
0.0322	7180.45
0.03222	7193
0.03224	7205.5
0.03226	7199.05
0.03228	7205.5
0.0323	7205.5
0.03232	7223.8
0.03234	7217.4
0.03236	7217.4
0.03238	7217.4
0.0324	7229.7
0.03242	7229.7
0.03244	7241.9
0.03246	7241.9
0.03248	7236
0.0325	7248.15
0.03252	7248.15
0.03254	7236
0.03256	7241.9
0.03258	7241.9
0.0326	7241.9
0.03262	7248.15
0.03264	7248.15
0.03266	7248.15
0.03268	7253.55
0.0327	7241.9
0.03272	7248.15
0.03274	7241.9
0.03276	7248.15
0.03278	7248.15
0.0328	7253.55
0.03282	7248.15
0.03284	7259.75
0.03286	7259.75
0.03288	7241.9
0.0329	7259.75
0.03292	7248.15
0.03294	7253.55
0.03296	7248.15
0.03298	7241.9
0.033	7253.55
0.03302	7252.69
0.03304	7251.83
0.03306	7250.97
0.03308	7250.12
0.0331	7249.26
0.03312	7248.4
0.03314	7247.54
0.03316	7246.68
0.03318	7245.82
0.0332	7244.96
0.03322	7244.1
0.03324	7243.25
0.03326	7242.39
0.03328	7241.53
0.0333	7240.67
0.03332	7239.81
0.03334	7238.95
0.03336	7238.09
0.03338	7237.23
0.0334	7236.38
0.03342	7235.52
0.03344	7234.66
0.03346	7233.8
0.03348	7232.94
0.0335	7232.08
0.03352	7231.22
0.03354	7230.36
0.03356	7229.51
0.03358	7228.65
0.0336	7227.79
0.03362	7226.93
0.03364	7226.07
0.03366	7225.21
0.03368	7224.35
0.0337	7223.5
0.03372	7222.64
0.03374	7221.78
0.03376	7220.92
0.03378	7220.06
0.0338	7219.2
0.03382	7218.34
0.03384	7217.48
0.03386	7216.63
0.03388	7215.77
0.0339	7214.91
0.03392	7214.05
0.03394	7213.19
0.03396	7212.33
0.03398	7211.47
0.034	7210.61
0.03402	7209.76
0.03404	7208.9
0.03406	7208.04
0.03408	7207.18
0.0341	7206.32
0.03412	7205.46
0.03414	7204.6
0.03416	7203.74
0.03418	7202.89
0.0342	7202.03
0.03422	7201.17
0.03424	7200.31
0.03426	7199.45
0.03428	7198.59
0.0343	7197.73
0.03432	7196.87
0.03434	7196.02
0.03436	7195.16
0.03438	7194.3
0.0344	7193.44
0.03442	7192.58
0.03444	7191.72
0.03446	7190.86
0.03448	7190.01
0.0345	7189.15
0.03452	7188.29
0.03454	7187.43
0.03456	7186.57
0.03458	7185.71
0.0346	7184.85
0.03462	7183.99
0.03464	7183.14
0.03466	7182.28
0.03468	7181.42
0.0347	7180.56
0.03472	7179.7
0.03474	7178.84
0.03476	7177.98
0.03478	7177.12
0.0348	7176.27
0.03482	7175.41
0.03484	7174.55
0.03486	7173.69
0.03488	7172.83
0.0349	7171.97
0.03492	7171.11
0.03494	7170.25
0.03496	7169.4
0.03498	7168.54
0.035	7167.68
0.03502	7166.82
0.03504	7165.96
0.03506	7165.1
0.03508	7164.24
0.0351	7163.38
0.03512	7162.53
0.03514	7161.67
0.03516	7160.81
0.03518	7159.95
0.0352	7159.09
0.03522	7158.23
0.03524	7157.37
0.03526	7156.52
0.03528	7155.66
0.0353	7154.8
0.03532	7153.94
0.03534	7153.08
0.03536	7152.22
0.03538	7151.36
0.0354	7150.5
0.03542	7149.65
0.03544	7148.79
0.03546	7147.93
0.03548	7147.07
0.0355	7146.21
0.03552	7145.35
0.03554	7144.49
0.03556	7143.63
0.03558	7142.78
0.0356	7141.92
0.03562	7141.06
0.03564	7140.2
0.03566	7139.34
0.03568	7138.48
0.0357	7137.62
0.03572	7136.76
0.03574	7135.91
0.03576	7135.05
0.03578	7134.19
0.0358	7133.33
0.03582	7132.47
0.03584	7131.61
0.03586	7130.75
0.03588	7129.9
0.0359	7129.04
0.03592	7128.18
0.03594	7127.32
0.03596	7126.46
0.03598	7125.6
0.036	7124.74
0.03602	7123.88
0.03604	7123.03
0.03606	7122.17
0.03608	7121.31
0.0361	7120.45
0.03612	7119.59
0.03614	7118.73
0.03616	7117.87
0.03618	7117.01
0.0362	7116.16
0.03622	7115.3
0.03624	7114.44
0.03626	7113.58
0.03628	7112.72
0.0363	7111.86
0.03632	7111
0.03634	7110.14
0.03636	7109.29
0.03638	7108.43
0.0364	7107.57
0.03642	7106.71
0.03644	7105.85
0.03646	7104.99
0.03648	7104.13
0.0365	7103.27
0.03652	7102.42
0.03654	7101.56
0.03656	7100.7
0.03658	7099.84
0.0366	7098.98
0.03662	7098.12
0.03664	7097.26
0.03666	7096.41
0.03668	7095.55
0.0367	7094.69
0.03672	7093.83
0.03674	7092.97
0.03676	7092.11
0.03678	7091.25
0.0368	7090.39
0.03682	7089.54
0.03684	7088.68
0.03686	7087.82
0.03688	7086.96
0.0369	7086.1
0.03692	7085.24
0.03694	7084.38
0.03696	7083.52
0.03698	7082.67
0.037	7081.81
0.03702	7080.95
0.03704	7080.09
0.03706	7079.23
0.03708	7078.37
0.0371	7077.51
0.03712	7076.65
0.03714	7075.8
0.03716	7074.94
0.03718	7074.08
0.0372	7073.22
0.03722	7072.36
0.03724	7071.5
0.03726	7070.64
0.03728	7069.79
0.0373	7068.93
0.03732	7068.07
0.03734	7067.21
0.03736	7066.35
0.03738	7065.49
0.0374	7064.63
0.03742	7063.77
0.03744	7062.92
0.03746	7062.06
0.03748	7061.2
0.0375	7060.34
0.03752	7059.48
0.03754	7058.62
0.03756	7057.76
0.03758	7056.9
0.0376	7056.05
0.03762	7055.19
0.03764	7054.33
0.03766	7053.47
0.03768	7052.61
0.0377	7051.75
0.03772	7050.89
0.03774	7050.03
0.03776	7049.18
0.03778	7048.32
0.0378	7047.46
0.03782	7046.6
0.03784	7045.74
0.03786	7044.88
0.03788	7044.02
0.0379	7043.16
0.03792	7042.31
0.03794	7041.45
0.03796	7040.59
0.03798	7039.73
0.038	7038.87
0.03802	7038.01
0.03804	7037.15
0.03806	7036.3
0.03808	7035.44
0.0381	7034.58
0.03812	7033.72
0.03814	7032.86
0.03816	7032
0.03818	7031.14
0.0382	7030.28
0.03822	7029.43
0.03824	7028.57
0.03826	7027.71
0.03828	7026.85
0.0383	7025.99
0.03832	7025.13
0.03834	7024.27
0.03836	7023.41
0.03838	7022.56
0.0384	7021.7
0.03842	7020.84
0.03844	7019.98
0.03846	7019.12
0.03848	7018.26
0.0385	7017.4
0.03852	7016.54
0.03854	7015.69
0.03856	7014.83
0.03858	7013.97
0.0386	7013.11
0.03862	7012.25
0.03864	7011.39
0.03866	7010.53
0.03868	7009.68
0.0387	7008.82
0.03872	7007.96
0.03874	7007.1
0.03876	7006.24
0.03878	7005.38
0.0388	7004.52
0.03882	7003.66
0.03884	7002.81
0.03886	7001.95
0.03888	7001.09
0.0389	7000.23
0.03892	6999.37
0.03894	6998.51
0.03896	6997.65
0.03898	6996.79
0.039	6995.94
0.03902	6995.08
0.03904	6994.22
0.03906	6993.36
0.03908	6992.5
0.0391	6991.64
0.03912	6990.78
0.03914	6989.92
0.03916	6989.07
0.03918	6988.21
0.0392	6987.35
0.03922	6986.49
0.03924	6985.63
0.03926	6984.77
0.03928	6983.91
0.0393	6983.06
0.03932	6982.2
0.03934	6981.34
0.03936	6980.48
0.03938	6979.62
0.0394	6978.76
0.03942	6977.9
0.03944	6977.04
0.03946	6976.19
0.03948	6975.33
0.0395	6974.47
0.03952	6973.61
0.03954	6972.75
0.03956	6971.89
0.03958	6971.03
0.0396	6970.17
0.03962	6969.32
0.03964	6968.46
0.03966	6967.6
0.03968	6966.74
0.0397	6965.88
0.03972	6965.02
0.03974	6964.16
0.03976	6963.3
0.03978	6962.45
0.0398	6961.59
0.03982	6960.73
0.03984	6959.87
0.03986	6959.01
0.03988	6958.15
0.0399	6957.29
0.03992	6956.43
0.03994	6955.58
0.03996	6954.72
0.03998	6953.86
0.04	6953
0.04002	6748.85
0.04004	6524.85
0.04006	6282.2
0.04008	6021.8
0.0401	5742.75
0.04012	5449
0.04014	5142.2
0.04016	4825.41
0.04018	4501.12
0.0402	4174.7
0.04022	3849.16
0.04024	3528.31
0.04026	3214.93
0.04028	2914.56
0.0403	2627.6
0.04032	2356.3
0.04034	2104.22
0.04036	1869.75
0.04038	1655.17
0.0404	1459.8
0.04042	1283.16
0.04044	1124.48
0.04046	983.095
0.04048	857.12
0.0405	745.68
0.04052	647.275
0.04054	561.525
0.04056	486.078
0.04058	420.073
0.0406	362.761
0.04062	312.848
0.04064	269.677
0.04066	244.499
0.04068	225.173
0.0407	210.837
0.04072	201.805
0.04074	198.525
0.04076	195.298
0.04078	197.394
0.0408	202.884
0.04082	212.045
0.04084	227.754
0.04086	244.499
0.04088	272.752
0.0409	305.638
0.04092	346.063
0.04094	398.045
0.04096	459.768
0.04098	536.085
0.041	633.87
0.04102	736.705
0.04104	862.545
0.04106	1017.19
0.04108	1183.63
0.0411	1366.05
0.04112	1564.05
0.04114	1783.03
0.04116	2023.72
0.04118	2267.63
0.0412	2547.53
0.04122	2805.72
0.04124	3087.27
0.04126	3323.25
0.04128	3610.72
0.0413	3858.2
0.04132	4120
0.04134	4347.16
0.04136	4597.66
0.04138	4799.34
0.0414	4996.12
0.04142	5192.8
0.04144	5360.7
0.04146	5536.95
0.04148	5676.95
0.0415	5802
0.04152	5925.5
0.04154	6034.8
0.04156	6131.95
0.04158	6207.85
0.0416	6310.85
0.04162	6374.3
0.04164	6453.55
0.04166	6522.45
0.04168	6572.95
0.0417	6639.55
0.04172	6672.25
0.04174	6719.9
0.04176	6759.15
0.04178	6805.65
0.0418	6850.75
0.04182	6887.75
0.04184	6916.6
0.04186	6931.65
0.04188	6959.9
0.0419	6988.25
0.04192	7009.45
0.04194	7029.95
0.04196	7050.25
0.04198	7070.35
0.042	7090.15
0.04202	7090.15
0.04204	7102.95
0.04206	7109.8
0.04208	7142.6
0.0421	7142.6
0.04212	7155
0.04214	7161.65
0.04216	7173.9
0.04218	7168.2
0.0422	7180.45
0.04222	7193
0.04224	7205.5
0.04226	7199.05
0.04228	7205.5
0.0423	7205.5
0.04232	7223.8
0.04234	7217.4
0.04236	7217.4
0.04238	7217.4
0.0424	7229.7
0.04242	7229.7
0.04244	7241.9
0.04246	7241.9
0.04248	7236
0.0425	7248.15
0.04252	7248.15
0.04254	7236
0.04256	7241.9
0.04258	7241.9
0.0426	7241.9
0.04262	7248.15
0.04264	7248.15
0.04266	7248.15
0.04268	7253.55
0.0427	7241.9
0.04272	7248.15
0.04274	7241.9
0.04276	7248.15
0.04278	7248.15
0.0428	7253.55
0.04282	7248.15
0.04284	7259.75
0.04286	7259.75
0.04288	7241.9
0.0429	7259.75
0.04292	7248.15
0.04294	7253.55
0.04296	7248.15
0.04298	7241.9
0.043	7253.55
