0.00000  2781.2
0.00002  2699.54
0.00004  2609.94
0.00006  2512.88
0.00008  2408.72
0.00010  2297.1
0.00012  2179.6
0.00014  2056.88
0.00016  1930.17
0.00018  1800.45
0.00020  1669.88
0.00022  1539.67
0.00024  1411.32
0.00026  1285.97
0.00028  1165.82
0.00030  1051.04
0.00032  942.518
0.00034  841.686
0.00036  747.898
0.00038  662.068
0.00040  583.918
0.00042  513.264
0.00044  449.794
0.00046  393.238
0.00048  342.848
0.00050  298.272
0.00052  258.91
0.00054  224.61
0.00056  194.431
0.00058  168.029
0.00060  145.104
0.00062  125.139
0.00064  107.871
0.00066  97.7994
0.00068  90.069
0.00070  84.335
0.00072  80.722
0.00074  79.41
0.00076  78.119
0.00078  78.9576
0.00080  81.1536
0.00082  84.8178
0.00084  91.1014
0.00086  97.7994
0.00088  109.101
0.00090  122.255
0.00092  138.425
0.00094  159.218
0.00096  183.907
0.00098  214.434
0.00100  253.548
0.00102  294.682
0.00104  345.018
0.00106  406.874
0.00108  473.452
0.00110  546.418
0.00112  625.62
0.00114  713.21
0.00116  809.49
0.00118  907.054
0.00120  1019.01
0.00122  1122.29
0.00124  1234.91
0.00126  1329.3
0.00128  1444.29
0.00130  1543.28
0.00132  1648
0.00134  1738.86
0.00136  1839.06
0.00138  1919.73
0.00140  1998.45
0.00142  2077.12
0.00144  2144.28
0.00146  2214.78
0.00148  2270.78
0.00150  2320.8
0.00152  2370.2
0.00154  2413.92
0.00156  2452.78
0.00158  2483.14
0.00160  2524.34
0.00162  2549.72
0.00164  2581.42
0.00166  2608.98
0.00168  2629.18
0.00170  2655.82
0.00172  2668.9
0.00174  2687.96
0.00176  2703.66
0.00178  2722.26
0.00180  2740.3
0.00182  2755.1
0.00184  2766.64
0.00186  2772.66
0.00188  2783.96
0.00190  2795.3
0.00192  2803.78
0.00194  2811.98
0.00196  2820.1
0.00198  2828.14
0.00200  2836.06
0.00202  2836.06
0.00204  2841.18
0.00206  2843.92
0.00208  2857.04
0.00210  2857.04
0.00212  2862
0.00214  2864.66
0.00216  2869.56
0.00218  2867.28
0.00220  2872.18
0.00222  2877.2
0.00224  2882.2
0.00226  2879.62
0.00228  2882.2
0.00230  2882.2
0.00232  2889.52
0.00234  2886.96
0.00236  2886.96
0.00238  2886.96
0.00240  2891.88
0.00242  2891.88
0.00244  2896.76
0.00246  2896.76
0.00248  2894.4
0.00250  2899.26
0.00252  2899.26
0.00254  2894.4
0.00256  2896.76
0.00258  2896.76
0.00260  2896.76
0.00262  2899.26
0.00264  2899.26
0.00266  2899.26
0.00268  2901.42
0.00270  2896.76
0.00272  2899.26
0.00274  2896.76
0.00276  2899.26
0.00278  2899.26
0.00280  2901.42
0.00282  2899.26
0.00284  2903.9
0.00286  2903.9
0.00288  2896.76
0.00290  2903.9
0.00292  2899.26
0.00294  2901.42
0.00296  2899.26
0.00298  2896.76
0.00300  2901.42
0.00302  2901.07651429
0.00304  2900.73302857
0.00306  2900.38954286
0.00308  2900.04605714
0.0031  2899.70257143
0.00312  2899.35908571
0.00314  2899.0156
0.00316  2898.67211429
0.00318  2898.32862857
0.0032  2897.98514286
0.00322  2897.64165714
0.00324  2897.29817143
0.00326  2896.95468571
0.00328  2896.6112
0.0033  2896.26771429
0.00332  2895.92422857
0.00334  2895.58074286
0.00336  2895.23725714
0.00338  2894.89377143
0.0034  2894.55028571
0.00342  2894.2068
0.00344  2893.86331429
0.00346  2893.51982857
0.00348  2893.17634286
0.0035  2892.83285714
0.00352  2892.48937143
0.00354  2892.14588571
0.00356  2891.8024
0.00358  2891.45891429
0.0036  2891.11542857
0.00362  2890.77194286
0.00364  2890.42845714
0.00366  2890.08497143
0.00368  2889.74148571
0.0037  2889.398
0.00372  2889.05451429
0.00374  2888.71102857
0.00376  2888.36754286
0.00378  2888.02405714
0.0038  2887.68057143
0.00382  2887.33708571
0.00384  2886.9936
0.00386  2886.65011429
0.00388  2886.30662857
0.0039  2885.96314286
0.00392  2885.61965714
0.00394  2885.27617143
0.00396  2884.93268571
0.00398  2884.5892
0.004  2884.24571429
0.00402  2883.90222857
0.00404  2883.55874286
0.00406  2883.21525714
0.00408  2882.87177143
0.0041  2882.52828571
0.00412  2882.1848
0.00414  2881.84131429
0.00416  2881.49782857
0.00418  2881.15434286
0.0042  2880.81085714
0.00422  2880.46737143
0.00424  2880.12388571
0.00426  2879.7804
0.00428  2879.43691429
0.0043  2879.09342857
0.00432  2878.74994286
0.00434  2878.40645714
0.00436  2878.06297143
0.00438  2877.71948571
0.0044  2877.376
0.00442  2877.03251429
0.00444  2876.68902857
0.00446  2876.34554286
0.00448  2876.00205714
0.0045  2875.65857143
0.00452  2875.31508571
0.00454  2874.9716
0.00456  2874.62811429
0.00458  2874.28462857
0.0046  2873.94114286
0.00462  2873.59765714
0.00464  2873.25417143
0.00466  2872.91068571
0.00468  2872.5672
0.0047  2872.22371429
0.00472  2871.88022857
0.00474  2871.53674286
0.00476  2871.19325714
0.00478  2870.84977143
0.0048  2870.50628571
0.00482  2870.1628
0.00484  2869.81931429
0.00486  2869.47582857
0.00488  2869.13234286
0.0049  2868.78885714
0.00492  2868.44537143
0.00494  2868.10188571
0.00496  2867.7584
0.00498  2867.41491429
0.005  2867.07142857
0.00502  2866.72794286
0.00504  2866.38445714
0.00506  2866.04097143
0.00508  2865.69748571
0.0051  2865.354
0.00512  2865.01051429
0.00514  2864.66702857
0.00516  2864.32354286
0.00518  2863.98005714
0.0052  2863.63657143
0.00522  2863.29308571
0.00524  2862.9496
0.00526  2862.60611429
0.00528  2862.26262857
0.0053  2861.91914286
0.00532  2861.57565714
0.00534  2861.23217143
0.00536  2860.88868571
0.00538  2860.5452
0.0054  2860.20171429
0.00542  2859.85822857
0.00544  2859.51474286
0.00546  2859.17125714
0.00548  2858.82777143
0.0055  2858.48428571
0.00552  2858.1408
0.00554  2857.79731429
0.00556  2857.45382857
0.00558  2857.11034286
0.0056  2856.76685714
0.00562  2856.42337143
0.00564  2856.07988571
0.00566  2855.7364
0.00568  2855.39291429
0.0057  2855.04942857
0.00572  2854.70594286
0.00574  2854.36245714
0.00576  2854.01897143
0.00578  2853.67548571
0.0058  2853.332
0.00582  2852.98851429
0.00584  2852.64502857
0.00586  2852.30154286
0.00588  2851.95805714
0.0059  2851.61457143
0.00592  2851.27108571
0.00594  2850.9276
0.00596  2850.58411429
0.00598  2850.24062857
0.006  2849.89714286
0.00602  2849.55365714
0.00604  2849.21017143
0.00606  2848.86668571
0.00608  2848.5232
0.0061  2848.17971429
0.00612  2847.83622857
0.00614  2847.49274286
0.00616  2847.14925714
0.00618  2846.80577143
0.0062  2846.46228571
0.00622  2846.1188
0.00624  2845.77531429
0.00626  2845.43182857
0.00628  2845.08834286
0.0063  2844.74485714
0.00632  2844.40137143
0.00634  2844.05788571
0.00636  2843.7144
0.00638  2843.37091429
0.0064  2843.02742857
0.00642  2842.68394286
0.00644  2842.34045714
0.00646  2841.99697143
0.00648  2841.65348571
0.0065  2841.31
0.00652  2840.96651429
0.00654  2840.62302857
0.00656  2840.27954286
0.00658  2839.93605714
0.0066  2839.59257143
0.00662  2839.24908571
0.00664  2838.9056
0.00666  2838.56211429
0.00668  2838.21862857
0.0067  2837.87514286
0.00672  2837.53165714
0.00674  2837.18817143
0.00676  2836.84468571
0.00678  2836.5012
0.0068  2836.15771429
0.00682  2835.81422857
0.00684  2835.47074286
0.00686  2835.12725714
0.00688  2834.78377143
0.0069  2834.44028571
0.00692  2834.0968
0.00694  2833.75331429
0.00696  2833.40982857
0.00698  2833.06634286
0.007  2832.72285714
0.00702  2832.37937143
0.00704  2832.03588571
0.00706  2831.6924
0.00708  2831.34891429
0.0071  2831.00542857
0.00712  2830.66194286
0.00714  2830.31845714
0.00716  2829.97497143
0.00718  2829.63148571
0.0072  2829.288
0.00722  2828.94451429
0.00724  2828.60102857
0.00726  2828.25754286
0.00728  2827.91405714
0.0073  2827.57057143
0.00732  2827.22708571
0.00734  2826.8836
0.00736  2826.54011429
0.00738  2826.19662857
0.0074  2825.85314286
0.00742  2825.50965714
0.00744  2825.16617143
0.00746  2824.82268571
0.00748  2824.4792
0.0075  2824.13571429
0.00752  2823.79222857
0.00754  2823.44874286
0.00756  2823.10525714
0.00758  2822.76177143
0.0076  2822.41828571
0.00762  2822.0748
0.00764  2821.73131429
0.00766  2821.38782857
0.00768  2821.04434286
0.0077  2820.70085714
0.00772  2820.35737143
0.00774  2820.01388571
0.00776  2819.6704
0.00778  2819.32691429
0.0078  2818.98342857
0.00782  2818.63994286
0.00784  2818.29645714
0.00786  2817.95297143
0.00788  2817.60948571
0.0079  2817.266
0.00792  2816.92251429
0.00794  2816.57902857
0.00796  2816.23554286
0.00798  2815.89205714
0.008  2815.54857143
0.00802  2815.20508571
0.00804  2814.8616
0.00806  2814.51811429
0.00808  2814.17462857
0.0081  2813.83114286
0.00812  2813.48765714
0.00814  2813.14417143
0.00816  2812.80068571
0.00818  2812.4572
0.0082  2812.11371429
0.00822  2811.77022857
0.00824  2811.42674286
0.00826  2811.08325714
0.00828  2810.73977143
0.0083  2810.39628571
0.00832  2810.0528
0.00834  2809.70931429
0.00836  2809.36582857
0.00838  2809.02234286
0.0084  2808.67885714
0.00842  2808.33537143
0.00844  2807.99188571
0.00846  2807.6484
0.00848  2807.30491429
0.0085  2806.96142857
0.00852  2806.61794286
0.00854  2806.27445714
0.00856  2805.93097143
0.00858  2805.58748571
0.0086  2805.244
0.00862  2804.90051429
0.00864  2804.55702857
0.00866  2804.21354286
0.00868  2803.87005714
0.0087  2803.52657143
0.00872  2803.18308571
0.00874  2802.8396
0.00876  2802.49611429
0.00878  2802.15262857
0.0088  2801.80914286
0.00882  2801.46565714
0.00884  2801.12217143
0.00886  2800.77868571
0.00888  2800.4352
0.0089  2800.09171429
0.00892  2799.74822857
0.00894  2799.40474286
0.00896  2799.06125714
0.00898  2798.71777143
0.009  2798.37428571
0.00902  2798.0308
0.00904  2797.68731429
0.00906  2797.34382857
0.00908  2797.00034286
0.0091  2796.65685714
0.00912  2796.31337143
0.00914  2795.96988571
0.00916  2795.6264
0.00918  2795.28291429
0.0092  2794.93942857
0.00922  2794.59594286
0.00924  2794.25245714
0.00926  2793.90897143
0.00928  2793.56548571
0.0093  2793.222
0.00932  2792.87851429
0.00934  2792.53502857
0.00936  2792.19154286
0.00938  2791.84805714
0.0094  2791.50457143
0.00942  2791.16108571
0.00944  2790.8176
0.00946  2790.47411429
0.00948  2790.13062857
0.0095  2789.78714286
0.00952  2789.44365714
0.00954  2789.10017143
0.00956  2788.75668571
0.00958  2788.4132
0.0096  2788.06971429
0.00962  2787.72622857
0.00964  2787.38274286
0.00966  2787.03925714
0.00968  2786.69577143
0.0097  2786.35228571
0.00972  2786.0088
0.00974  2785.66531429
0.00976  2785.32182857
0.00978  2784.97834286
0.0098  2784.63485714
0.00982  2784.29137143
0.00984  2783.94788571
0.00986  2783.6044
0.00988  2783.26091429
0.0099  2782.91742857
0.00992  2782.57394286
0.00994  2782.23045714
0.00996  2781.88697143
0.00998  2781.54348571
0.01  2781.2
0.01002  2699.54
0.01004  2609.94
0.01006  2512.88
0.01008  2408.72
0.0101  2297.1
0.01012  2179.6
0.01014  2056.88
0.01016  1930.17
0.01018  1800.45
0.0102  1669.88
0.01022  1539.67
0.01024  1411.32
0.01026  1285.97
0.01028  1165.82
0.0103  1051.04
0.01032  942.518
0.01034  841.686
0.01036  747.898
0.01038  662.068
0.0104  583.918
0.01042  513.264
0.01044  449.794
0.01046  393.238
0.01048  342.848
0.0105  298.272
0.01052  258.91
0.01054  224.61
0.01056  194.431
0.01058  168.029
0.0106  145.104
0.01062  125.139
0.01064  107.871
0.01066  97.7994
0.01068  90.069
0.0107  84.335
0.01072  80.722
0.01074  79.41
0.01076  78.119
0.01078  78.9576
0.0108  81.1536
0.01082  84.8178
0.01084  91.1014
0.01086  97.7994
0.01088  109.101
0.0109  122.255
0.01092  138.425
0.01094  159.218
0.01096  183.907
0.01098  214.434
0.011  253.548
0.01102  294.682
0.01104  345.018
0.01106  406.874
0.01108  473.452
0.0111  546.418
0.01112  625.62
0.01114  713.21
0.01116  809.49
0.01118  907.054
0.0112  1019.01
0.01122  1122.29
0.01124  1234.91
0.01126  1329.3
0.01128  1444.29
0.0113  1543.28
0.01132  1648
0.01134  1738.86
0.01136  1839.06
0.01138  1919.73
0.0114  1998.45
0.01142  2077.12
0.01144  2144.28
0.01146  2214.78
0.01148  2270.78
0.0115  2320.8
0.01152  2370.2
0.01154  2413.92
0.01156  2452.78
0.01158  2483.14
0.0116  2524.34
0.01162  2549.72
0.01164  2581.42
0.01166  2608.98
0.01168  2629.18
0.0117  2655.82
0.01172  2668.9
0.01174  2687.96
0.01176  2703.66
0.01178  2722.26
0.0118  2740.3
0.01182  2755.1
0.01184  2766.64
0.01186  2772.66
0.01188  2783.96
0.0119  2795.3
0.01192  2803.78
0.01194  2811.98
0.01196  2820.1
0.01198  2828.14
0.012  2836.06
0.01202  2836.06
0.01204  2841.18
0.01206  2843.92
0.01208  2857.04
0.0121  2857.04
0.01212  2862
0.01214  2864.66
0.01216  2869.56
0.01218  2867.28
0.0122  2872.18
0.01222  2877.2
0.01224  2882.2
0.01226  2879.62
0.01228  2882.2
0.0123  2882.2
0.01232  2889.52
0.01234  2886.96
0.01236  2886.96
0.01238  2886.96
0.0124  2891.88
0.01242  2891.88
0.01244  2896.76
0.01246  2896.76
0.01248  2894.4
0.0125  2899.26
0.01252  2899.26
0.01254  2894.4
0.01256  2896.76
0.01258  2896.76
0.0126  2896.76
0.01262  2899.26
0.01264  2899.26
0.01266  2899.26
0.01268  2901.42
0.0127  2896.76
0.01272  2899.26
0.01274  2896.76
0.01276  2899.26
0.01278  2899.26
0.0128  2901.42
0.01282  2899.26
0.01284  2903.9
0.01286  2903.9
0.01288  2896.76
0.0129  2903.9
0.01292  2899.26
0.01294  2901.42
0.01296  2899.26
0.01298  2896.76
0.013  2901.42
0.01302  2901.07651429
0.01304  2900.73302857
0.01306  2900.38954286
0.01308  2900.04605714
0.0131  2899.70257143
0.01312  2899.35908571
0.01314  2899.0156
0.01316  2898.67211429
0.01318  2898.32862857
0.0132  2897.98514286
0.01322  2897.64165714
0.01324  2897.29817143
0.01326  2896.95468571
0.01328  2896.6112
0.0133  2896.26771429
0.01332  2895.92422857
0.01334  2895.58074286
0.01336  2895.23725714
0.01338  2894.89377143
0.0134  2894.55028571
0.01342  2894.2068
0.01344  2893.86331429
0.01346  2893.51982857
0.01348  2893.17634286
0.0135  2892.83285714
0.01352  2892.48937143
0.01354  2892.14588571
0.01356  2891.8024
0.01358  2891.45891429
0.0136  2891.11542857
0.01362  2890.77194286
0.01364  2890.42845714
0.01366  2890.08497143
0.01368  2889.74148571
0.0137  2889.398
0.01372  2889.05451429
0.01374  2888.71102857
0.01376  2888.36754286
0.01378  2888.02405714
0.0138  2887.68057143
0.01382  2887.33708571
0.01384  2886.9936
0.01386  2886.65011429
0.01388  2886.30662857
0.0139  2885.96314286
0.01392  2885.61965714
0.01394  2885.27617143
0.01396  2884.93268571
0.01398  2884.5892
0.014  2884.24571429
0.01402  2883.90222857
0.01404  2883.55874286
0.01406  2883.21525714
0.01408  2882.87177143
0.0141  2882.52828571
0.01412  2882.1848
0.01414  2881.84131429
0.01416  2881.49782857
0.01418  2881.15434286
0.0142  2880.81085714
0.01422  2880.46737143
0.01424  2880.12388571
0.01426  2879.7804
0.01428  2879.43691429
0.0143  2879.09342857
0.01432  2878.74994286
0.01434  2878.40645714
0.01436  2878.06297143
0.01438  2877.71948571
0.0144  2877.376
0.01442  2877.03251429
0.01444  2876.68902857
0.01446  2876.34554286
0.01448  2876.00205714
0.0145  2875.65857143
0.01452  2875.31508571
0.01454  2874.9716
0.01456  2874.62811429
0.01458  2874.28462857
0.0146  2873.94114286
0.01462  2873.59765714
0.01464  2873.25417143
0.01466  2872.91068571
0.01468  2872.5672
0.0147  2872.22371429
0.01472  2871.88022857
0.01474  2871.53674286
0.01476  2871.19325714
0.01478  2870.84977143
0.0148  2870.50628571
0.01482  2870.1628
0.01484  2869.81931429
0.01486  2869.47582857
0.01488  2869.13234286
0.0149  2868.78885714
0.01492  2868.44537143
0.01494  2868.10188571
0.01496  2867.7584
0.01498  2867.41491429
0.015  2867.07142857
0.01502  2866.72794286
0.01504  2866.38445714
0.01506  2866.04097143
0.01508  2865.69748571
0.0151  2865.354
0.01512  2865.01051429
0.01514  2864.66702857
0.01516  2864.32354286
0.01518  2863.98005714
0.0152  2863.63657143
0.01522  2863.29308571
0.01524  2862.9496
0.01526  2862.60611429
0.01528  2862.26262857
0.0153  2861.91914286
0.01532  2861.57565714
0.01534  2861.23217143
0.01536  2860.88868571
0.01538  2860.5452
0.0154  2860.20171429
0.01542  2859.85822857
0.01544  2859.51474286
0.01546  2859.17125714
0.01548  2858.82777143
0.0155  2858.48428571
0.01552  2858.1408
0.01554  2857.79731429
0.01556  2857.45382857
0.01558  2857.11034286
0.0156  2856.76685714
0.01562  2856.42337143
0.01564  2856.07988571
0.01566  2855.7364
0.01568  2855.39291429
0.0157  2855.04942857
0.01572  2854.70594286
0.01574  2854.36245714
0.01576  2854.01897143
0.01578  2853.67548571
0.0158  2853.332
0.01582  2852.98851429
0.01584  2852.64502857
0.01586  2852.30154286
0.01588  2851.95805714
0.0159  2851.61457143
0.01592  2851.27108571
0.01594  2850.9276
0.01596  2850.58411429
0.01598  2850.24062857
0.016  2849.89714286
0.01602  2849.55365714
0.01604  2849.21017143
0.01606  2848.86668571
0.01608  2848.5232
0.0161  2848.17971429
0.01612  2847.83622857
0.01614  2847.49274286
0.01616  2847.14925714
0.01618  2846.80577143
0.0162  2846.46228571
0.01622  2846.1188
0.01624  2845.77531429
0.01626  2845.43182857
0.01628  2845.08834286
0.0163  2844.74485714
0.01632  2844.40137143
0.01634  2844.05788571
0.01636  2843.7144
0.01638  2843.37091429
0.0164  2843.02742857
0.01642  2842.68394286
0.01644  2842.34045714
0.01646  2841.99697143
0.01648  2841.65348571
0.0165  2841.31
0.01652  2840.96651429
0.01654  2840.62302857
0.01656  2840.27954286
0.01658  2839.93605714
0.0166  2839.59257143
0.01662  2839.24908571
0.01664  2838.9056
0.01666  2838.56211429
0.01668  2838.21862857
0.0167  2837.87514286
0.01672  2837.53165714
0.01674  2837.18817143
0.01676  2836.84468571
0.01678  2836.5012
0.0168  2836.15771429
0.01682  2835.81422857
0.01684  2835.47074286
0.01686  2835.12725714
0.01688  2834.78377143
0.0169  2834.44028571
0.01692  2834.0968
0.01694  2833.75331429
0.01696  2833.40982857
0.01698  2833.06634286
0.017  2832.72285714
0.01702  2832.37937143
0.01704  2832.03588571
0.01706  2831.6924
0.01708  2831.34891429
0.0171  2831.00542857
0.01712  2830.66194286
0.01714  2830.31845714
0.01716  2829.97497143
0.01718  2829.63148571
0.0172  2829.288
0.01722  2828.94451429
0.01724  2828.60102857
0.01726  2828.25754286
0.01728  2827.91405714
0.0173  2827.57057143
0.01732  2827.22708571
0.01734  2826.8836
0.01736  2826.54011429
0.01738  2826.19662857
0.0174  2825.85314286
0.01742  2825.50965714
0.01744  2825.16617143
0.01746  2824.82268571
0.01748  2824.4792
0.0175  2824.13571429
0.01752  2823.79222857
0.01754  2823.44874286
0.01756  2823.10525714
0.01758  2822.76177143
0.0176  2822.41828571
0.01762  2822.0748
0.01764  2821.73131429
0.01766  2821.38782857
0.01768  2821.04434286
0.0177  2820.70085714
0.01772  2820.35737143
0.01774  2820.01388571
0.01776  2819.6704
0.01778  2819.32691429
0.0178  2818.98342857
0.01782  2818.63994286
0.01784  2818.29645714
0.01786  2817.95297143
0.01788  2817.60948571
0.0179  2817.266
0.01792  2816.92251429
0.01794  2816.57902857
0.01796  2816.23554286
0.01798  2815.89205714
0.018  2815.54857143
0.01802  2815.20508571
0.01804  2814.8616
0.01806  2814.51811429
0.01808  2814.17462857
0.0181  2813.83114286
0.01812  2813.48765714
0.01814  2813.14417143
0.01816  2812.80068571
0.01818  2812.4572
0.0182  2812.11371429
0.01822  2811.77022857
0.01824  2811.42674286
0.01826  2811.08325714
0.01828  2810.73977143
0.0183  2810.39628571
0.01832  2810.0528
0.01834  2809.70931429
0.01836  2809.36582857
0.01838  2809.02234286
0.0184  2808.67885714
0.01842  2808.33537143
0.01844  2807.99188571
0.01846  2807.6484
0.01848  2807.30491429
0.0185  2806.96142857
0.01852  2806.61794286
0.01854  2806.27445714
0.01856  2805.93097143
0.01858  2805.58748571
0.0186  2805.244
0.01862  2804.90051429
0.01864  2804.55702857
0.01866  2804.21354286
0.01868  2803.87005714
0.0187  2803.52657143
0.01872  2803.18308571
0.01874  2802.8396
0.01876  2802.49611429
0.01878  2802.15262857
0.0188  2801.80914286
0.01882  2801.46565714
0.01884  2801.12217143
0.01886  2800.77868571
0.01888  2800.4352
0.0189  2800.09171429
0.01892  2799.74822857
0.01894  2799.40474286
0.01896  2799.06125714
0.01898  2798.71777143
0.019  2798.37428571
0.01902  2798.0308
0.01904  2797.68731429
0.01906  2797.34382857
0.01908  2797.00034286
0.0191  2796.65685714
0.01912  2796.31337143
0.01914  2795.96988571
0.01916  2795.6264
0.01918  2795.28291429
0.0192  2794.93942857
0.01922  2794.59594286
0.01924  2794.25245714
0.01926  2793.90897143
0.01928  2793.56548571
0.0193  2793.222
0.01932  2792.87851429
0.01934  2792.53502857
0.01936  2792.19154286
0.01938  2791.84805714
0.0194  2791.50457143
0.01942  2791.16108571
0.01944  2790.8176
0.01946  2790.47411429
0.01948  2790.13062857
0.0195  2789.78714286
0.01952  2789.44365714
0.01954  2789.10017143
0.01956  2788.75668571
0.01958  2788.4132
0.0196  2788.06971429
0.01962  2787.72622857
0.01964  2787.38274286
0.01966  2787.03925714
0.01968  2786.69577143
0.0197  2786.35228571
0.01972  2786.0088
0.01974  2785.66531429
0.01976  2785.32182857
0.01978  2784.97834286
0.0198  2784.63485714
0.01982  2784.29137143
0.01984  2783.94788571
0.01986  2783.6044
0.01988  2783.26091429
0.0199  2782.91742857
0.01992  2782.57394286
0.01994  2782.23045714
0.01996  2781.88697143
0.01998  2781.54348571
0.02  2781.2
0.02002  2699.54
0.02004  2609.94
0.02006  2512.88
0.02008  2408.72
0.0201  2297.1
0.02012  2179.6
0.02014  2056.88
0.02016  1930.17
0.02018  1800.45
0.0202  1669.88
0.02022  1539.67
0.02024  1411.32
0.02026  1285.97
0.02028  1165.82
0.0203  1051.04
0.02032  942.518
0.02034  841.686
0.02036  747.898
0.02038  662.068
0.0204  583.918
0.02042  513.264
0.02044  449.794
0.02046  393.238
0.02048  342.848
0.0205  298.272
0.02052  258.91
0.02054  224.61
0.02056  194.431
0.02058  168.029
0.0206  145.104
0.02062  125.139
0.02064  107.871
0.02066  97.7994
0.02068  90.069
0.0207  84.335
0.02072  80.722
0.02074  79.41
0.02076  78.119
0.02078  78.9576
0.0208  81.1536
0.02082  84.8178
0.02084  91.1014
0.02086  97.7994
0.02088  109.101
0.0209  122.255
0.02092  138.425
0.02094  159.218
0.02096  183.907
0.02098  214.434
0.021  253.548
0.02102  294.682
0.02104  345.018
0.02106  406.874
0.02108  473.452
0.0211  546.418
0.02112  625.62
0.02114  713.21
0.02116  809.49
0.02118  907.054
0.0212  1019.01
0.02122  1122.29
0.02124  1234.91
0.02126  1329.3
0.02128  1444.29
0.0213  1543.28
0.02132  1648
0.02134  1738.86
0.02136  1839.06
0.02138  1919.73
0.0214  1998.45
0.02142  2077.12
0.02144  2144.28
0.02146  2214.78
0.02148  2270.78
0.0215  2320.8
0.02152  2370.2
0.02154  2413.92
0.02156  2452.78
0.02158  2483.14
0.0216  2524.34
0.02162  2549.72
0.02164  2581.42
0.02166  2608.98
0.02168  2629.18
0.0217  2655.82
0.02172  2668.9
0.02174  2687.96
0.02176  2703.66
0.02178  2722.26
0.0218  2740.3
0.02182  2755.1
0.02184  2766.64
0.02186  2772.66
0.02188  2783.96
0.0219  2795.3
0.02192  2803.78
0.02194  2811.98
0.02196  2820.1
0.02198  2828.14
0.022  2836.06
0.02202  2836.06
0.02204  2841.18
0.02206  2843.92
0.02208  2857.04
0.0221  2857.04
0.02212  2862
0.02214  2864.66
0.02216  2869.56
0.02218  2867.28
0.0222  2872.18
0.02222  2877.2
0.02224  2882.2
0.02226  2879.62
0.02228  2882.2
0.0223  2882.2
0.02232  2889.52
0.02234  2886.96
0.02236  2886.96
0.02238  2886.96
0.0224  2891.88
0.02242  2891.88
0.02244  2896.76
0.02246  2896.76
0.02248  2894.4
0.0225  2899.26
0.02252  2899.26
0.02254  2894.4
0.02256  2896.76
0.02258  2896.76
0.0226  2896.76
0.02262  2899.26
0.02264  2899.26
0.02266  2899.26
0.02268  2901.42
0.0227  2896.76
0.02272  2899.26
0.02274  2896.76
0.02276  2899.26
0.02278  2899.26
0.0228  2901.42
0.02282  2899.26
0.02284  2903.9
0.02286  2903.9
0.02288  2896.76
0.0229  2903.9
0.02292  2899.26
0.02294  2901.42
0.02296  2899.26
0.02298  2896.76
0.023  2901.42
0.02302  2901.07651429
0.02304  2900.73302857
0.02306  2900.38954286
0.02308  2900.04605714
0.0231  2899.70257143
0.02312  2899.35908571
0.02314  2899.0156
0.02316  2898.67211429
0.02318  2898.32862857
0.0232  2897.98514286
0.02322  2897.64165714
0.02324  2897.29817143
0.02326  2896.95468571
0.02328  2896.6112
0.0233  2896.26771429
0.02332  2895.92422857
0.02334  2895.58074286
0.02336  2895.23725714
0.02338  2894.89377143
0.0234  2894.55028571
0.02342  2894.2068
0.02344  2893.86331429
0.02346  2893.51982857
0.02348  2893.17634286
0.0235  2892.83285714
0.02352  2892.48937143
0.02354  2892.14588571
0.02356  2891.8024
0.02358  2891.45891429
0.0236  2891.11542857
0.02362  2890.77194286
0.02364  2890.42845714
0.02366  2890.08497143
0.02368  2889.74148571
0.0237  2889.398
0.02372  2889.05451429
0.02374  2888.71102857
0.02376  2888.36754286
0.02378  2888.02405714
0.0238  2887.68057143
0.02382  2887.33708571
0.02384  2886.9936
0.02386  2886.65011429
0.02388  2886.30662857
0.0239  2885.96314286
0.02392  2885.61965714
0.02394  2885.27617143
0.02396  2884.93268571
0.02398  2884.5892
0.024  2884.24571429
0.02402  2883.90222857
0.02404  2883.55874286
0.02406  2883.21525714
0.02408  2882.87177143
0.0241  2882.52828571
0.02412  2882.1848
0.02414  2881.84131429
0.02416  2881.49782857
0.02418  2881.15434286
0.0242  2880.81085714
0.02422  2880.46737143
0.02424  2880.12388571
0.02426  2879.7804
0.02428  2879.43691429
0.0243  2879.09342857
0.02432  2878.74994286
0.02434  2878.40645714
0.02436  2878.06297143
0.02438  2877.71948571
0.0244  2877.376
0.02442  2877.03251429
0.02444  2876.68902857
0.02446  2876.34554286
0.02448  2876.00205714
0.0245  2875.65857143
0.02452  2875.31508571
0.02454  2874.9716
0.02456  2874.62811429
0.02458  2874.28462857
0.0246  2873.94114286
0.02462  2873.59765714
0.02464  2873.25417143
0.02466  2872.91068571
0.02468  2872.5672
0.0247  2872.22371429
0.02472  2871.88022857
0.02474  2871.53674286
0.02476  2871.19325714
0.02478  2870.84977143
0.0248  2870.50628571
0.02482  2870.1628
0.02484  2869.81931429
0.02486  2869.47582857
0.02488  2869.13234286
0.0249  2868.78885714
0.02492  2868.44537143
0.02494  2868.10188571
0.02496  2867.7584
0.02498  2867.41491429
0.025  2867.07142857
0.02502  2866.72794286
0.02504  2866.38445714
0.02506  2866.04097143
0.02508  2865.69748571
0.0251  2865.354
0.02512  2865.01051429
0.02514  2864.66702857
0.02516  2864.32354286
0.02518  2863.98005714
0.0252  2863.63657143
0.02522  2863.29308571
0.02524  2862.9496
0.02526  2862.60611429
0.02528  2862.26262857
0.0253  2861.91914286
0.02532  2861.57565714
0.02534  2861.23217143
0.02536  2860.88868571
0.02538  2860.5452
0.0254  2860.20171429
0.02542  2859.85822857
0.02544  2859.51474286
0.02546  2859.17125714
0.02548  2858.82777143
0.0255  2858.48428571
0.02552  2858.1408
0.02554  2857.79731429
0.02556  2857.45382857
0.02558  2857.11034286
0.0256  2856.76685714
0.02562  2856.42337143
0.02564  2856.07988571
0.02566  2855.7364
0.02568  2855.39291429
0.0257  2855.04942857
0.02572  2854.70594286
0.02574  2854.36245714
0.02576  2854.01897143
0.02578  2853.67548571
0.0258  2853.332
0.02582  2852.98851429
0.02584  2852.64502857
0.02586  2852.30154286
0.02588  2851.95805714
0.0259  2851.61457143
0.02592  2851.27108571
0.02594  2850.9276
0.02596  2850.58411429
0.02598  2850.24062857
0.026  2849.89714286
0.02602  2849.55365714
0.02604  2849.21017143
0.02606  2848.86668571
0.02608  2848.5232
0.0261  2848.17971429
0.02612  2847.83622857
0.02614  2847.49274286
0.02616  2847.14925714
0.02618  2846.80577143
0.0262  2846.46228571
0.02622  2846.1188
0.02624  2845.77531429
0.02626  2845.43182857
0.02628  2845.08834286
0.0263  2844.74485714
0.02632  2844.40137143
0.02634  2844.05788571
0.02636  2843.7144
0.02638  2843.37091429
0.0264  2843.02742857
0.02642  2842.68394286
0.02644  2842.34045714
0.02646  2841.99697143
0.02648  2841.65348571
0.0265  2841.31
0.02652  2840.96651429
0.02654  2840.62302857
0.02656  2840.27954286
0.02658  2839.93605714
0.0266  2839.59257143
0.02662  2839.24908571
0.02664  2838.9056
0.02666  2838.56211429
0.02668  2838.21862857
0.0267  2837.87514286
0.02672  2837.53165714
0.02674  2837.18817143
0.02676  2836.84468571
0.02678  2836.5012
0.0268  2836.15771429
0.02682  2835.81422857
0.02684  2835.47074286
0.02686  2835.12725714
0.02688  2834.78377143
0.0269  2834.44028571
0.02692  2834.0968
0.02694  2833.75331429
0.02696  2833.40982857
0.02698  2833.06634286
0.027  2832.72285714
0.02702  2832.37937143
0.02704  2832.03588571
0.02706  2831.6924
0.02708  2831.34891429
0.0271  2831.00542857
0.02712  2830.66194286
0.02714  2830.31845714
0.02716  2829.97497143
0.02718  2829.63148571
0.0272  2829.288
0.02722  2828.94451429
0.02724  2828.60102857
0.02726  2828.25754286
0.02728  2827.91405714
0.0273  2827.57057143
0.02732  2827.22708571
0.02734  2826.8836
0.02736  2826.54011429
0.02738  2826.19662857
0.0274  2825.85314286
0.02742  2825.50965714
0.02744  2825.16617143
0.02746  2824.82268571
0.02748  2824.4792
0.0275  2824.13571429
0.02752  2823.79222857
0.02754  2823.44874286
0.02756  2823.10525714
0.02758  2822.76177143
0.0276  2822.41828571
0.02762  2822.0748
0.02764  2821.73131429
0.02766  2821.38782857
0.02768  2821.04434286
0.0277  2820.70085714
0.02772  2820.35737143
0.02774  2820.01388571
0.02776  2819.6704
0.02778  2819.32691429
0.0278  2818.98342857
0.02782  2818.63994286
0.02784  2818.29645714
0.02786  2817.95297143
0.02788  2817.60948571
0.0279  2817.266
0.02792  2816.92251429
0.02794  2816.57902857
0.02796  2816.23554286
0.02798  2815.89205714
0.028  2815.54857143
0.02802  2815.20508571
0.02804  2814.8616
0.02806  2814.51811429
0.02808  2814.17462857
0.0281  2813.83114286
0.02812  2813.48765714
0.02814  2813.14417143
0.02816  2812.80068571
0.02818  2812.4572
0.0282  2812.11371429
0.02822  2811.77022857
0.02824  2811.42674286
0.02826  2811.08325714
0.02828  2810.73977143
0.0283  2810.39628571
0.02832  2810.0528
0.02834  2809.70931429
0.02836  2809.36582857
0.02838  2809.02234286
0.0284  2808.67885714
0.02842  2808.33537143
0.02844  2807.99188571
0.02846  2807.6484
0.02848  2807.30491429
0.0285  2806.96142857
0.02852  2806.61794286
0.02854  2806.27445714
0.02856  2805.93097143
0.02858  2805.58748571
0.0286  2805.244
0.02862  2804.90051429
0.02864  2804.55702857
0.02866  2804.21354286
0.02868  2803.87005714
0.0287  2803.52657143
0.02872  2803.18308571
0.02874  2802.8396
0.02876  2802.49611429
0.02878  2802.15262857
0.0288  2801.80914286
0.02882  2801.46565714
0.02884  2801.12217143
0.02886  2800.77868571
0.02888  2800.4352
0.0289  2800.09171429
0.02892  2799.74822857
0.02894  2799.40474286
0.02896  2799.06125714
0.02898  2798.71777143
0.029  2798.37428571
0.02902  2798.0308
0.02904  2797.68731429
0.02906  2797.34382857
0.02908  2797.00034286
0.0291  2796.65685714
0.02912  2796.31337143
0.02914  2795.96988571
0.02916  2795.6264
0.02918  2795.28291429
0.0292  2794.93942857
0.02922  2794.59594286
0.02924  2794.25245714
0.02926  2793.90897143
0.02928  2793.56548571
0.0293  2793.222
0.02932  2792.87851429
0.02934  2792.53502857
0.02936  2792.19154286
0.02938  2791.84805714
0.0294  2791.50457143
0.02942  2791.16108571
0.02944  2790.8176
0.02946  2790.47411429
0.02948  2790.13062857
0.0295  2789.78714286
0.02952  2789.44365714
0.02954  2789.10017143
0.02956  2788.75668571
0.02958  2788.4132
0.0296  2788.06971429
0.02962  2787.72622857
0.02964  2787.38274286
0.02966  2787.03925714
0.02968  2786.69577143
0.0297  2786.35228571
0.02972  2786.0088
0.02974  2785.66531429
0.02976  2785.32182857
0.02978  2784.97834286
0.0298  2784.63485714
0.02982  2784.29137143
0.02984  2783.94788571
0.02986  2783.6044
0.02988  2783.26091429
0.0299  2782.91742857
0.02992  2782.57394286
0.02994  2782.23045714
0.02996  2781.88697143
0.02998  2781.54348571
0.03  2781.2
0.03002  2699.54
0.03004  2609.94
0.03006  2512.88
0.03008  2408.72
0.0301  2297.1
0.03012  2179.6
0.03014  2056.88
0.03016  1930.17
0.03018  1800.45
0.0302  1669.88
0.03022  1539.67
0.03024  1411.32
0.03026  1285.97
0.03028  1165.82
0.0303  1051.04
0.03032  942.518
0.03034  841.686
0.03036  747.898
0.03038  662.068
0.0304  583.918
0.03042  513.264
0.03044  449.794
0.03046  393.238
0.03048  342.848
0.0305  298.272
0.03052  258.91
0.03054  224.61
0.03056  194.431
0.03058  168.029
0.0306  145.104
0.03062  125.139
0.03064  107.871
0.03066  97.7994
0.03068  90.069
0.0307  84.335
0.03072  80.722
0.03074  79.41
0.03076  78.119
0.03078  78.9576
0.0308  81.1536
0.03082  84.8178
0.03084  91.1014
0.03086  97.7994
0.03088  109.101
0.0309  122.255
0.03092  138.425
0.03094  159.218
0.03096  183.907
0.03098  214.434
0.031  253.548
0.03102  294.682
0.03104  345.018
0.03106  406.874
0.03108  473.452
0.0311  546.418
0.03112  625.62
0.03114  713.21
0.03116  809.49
0.03118  907.054
0.0312  1019.01
0.03122  1122.29
0.03124  1234.91
0.03126  1329.3
0.03128  1444.29
0.0313  1543.28
0.03132  1648
0.03134  1738.86
0.03136  1839.06
0.03138  1919.73
0.0314  1998.45
0.03142  2077.12
0.03144  2144.28
0.03146  2214.78
0.03148  2270.78
0.0315  2320.8
0.03152  2370.2
0.03154  2413.92
0.03156  2452.78
0.03158  2483.14
0.0316  2524.34
0.03162  2549.72
0.03164  2581.42
0.03166  2608.98
0.03168  2629.18
0.0317  2655.82
0.03172  2668.9
0.03174  2687.96
0.03176  2703.66
0.03178  2722.26
0.0318  2740.3
0.03182  2755.1
0.03184  2766.64
0.03186  2772.66
0.03188  2783.96
0.0319  2795.3
0.03192  2803.78
0.03194  2811.98
0.03196  2820.1
0.03198  2828.14
0.032  2836.06
0.03202  2836.06
0.03204  2841.18
0.03206  2843.92
0.03208  2857.04
0.0321  2857.04
0.03212  2862
0.03214  2864.66
0.03216  2869.56
0.03218  2867.28
0.0322  2872.18
0.03222  2877.2
0.03224  2882.2
0.03226  2879.62
0.03228  2882.2
0.0323  2882.2
0.03232  2889.52
0.03234  2886.96
0.03236  2886.96
0.03238  2886.96
0.0324  2891.88
0.03242  2891.88
0.03244  2896.76
0.03246  2896.76
0.03248  2894.4
0.0325  2899.26
0.03252  2899.26
0.03254  2894.4
0.03256  2896.76
0.03258  2896.76
0.0326  2896.76
0.03262  2899.26
0.03264  2899.26
0.03266  2899.26
0.03268  2901.42
0.0327  2896.76
0.03272  2899.26
0.03274  2896.76
0.03276  2899.26
0.03278  2899.26
0.0328  2901.42
0.03282  2899.26
0.03284  2903.9
0.03286  2903.9
0.03288  2896.76
0.0329  2903.9
0.03292  2899.26
0.03294  2901.42
0.03296  2899.26
0.03298  2896.76
0.033  2901.42
0.03302  2901.07651429
0.03304  2900.73302857
0.03306  2900.38954286
0.03308  2900.04605714
0.0331  2899.70257143
0.03312  2899.35908571
0.03314  2899.0156
0.03316  2898.67211429
0.03318  2898.32862857
0.0332  2897.98514286
0.03322  2897.64165714
0.03324  2897.29817143
0.03326  2896.95468571
0.03328  2896.6112
0.0333  2896.26771429
0.03332  2895.92422857
0.03334  2895.58074286
0.03336  2895.23725714
0.03338  2894.89377143
0.0334  2894.55028571
0.03342  2894.2068
0.03344  2893.86331429
0.03346  2893.51982857
0.03348  2893.17634286
0.0335  2892.83285714
0.03352  2892.48937143
0.03354  2892.14588571
0.03356  2891.8024
0.03358  2891.45891429
0.0336  2891.11542857
0.03362  2890.77194286
0.03364  2890.42845714
0.03366  2890.08497143
0.03368  2889.74148571
0.0337  2889.398
0.03372  2889.05451429
0.03374  2888.71102857
0.03376  2888.36754286
0.03378  2888.02405714
0.0338  2887.68057143
0.03382  2887.33708571
0.03384  2886.9936
0.03386  2886.65011429
0.03388  2886.30662857
0.0339  2885.96314286
0.03392  2885.61965714
0.03394  2885.27617143
0.03396  2884.93268571
0.03398  2884.5892
0.034  2884.24571429
0.03402  2883.90222857
0.03404  2883.55874286
0.03406  2883.21525714
0.03408  2882.87177143
0.0341  2882.52828571
0.03412  2882.1848
0.03414  2881.84131429
0.03416  2881.49782857
0.03418  2881.15434286
0.0342  2880.81085714
0.03422  2880.46737143
0.03424  2880.12388571
0.03426  2879.7804
0.03428  2879.43691429
0.0343  2879.09342857
0.03432  2878.74994286
0.03434  2878.40645714
0.03436  2878.06297143
0.03438  2877.71948571
0.0344  2877.376
0.03442  2877.03251429
0.03444  2876.68902857
0.03446  2876.34554286
0.03448  2876.00205714
0.0345  2875.65857143
0.03452  2875.31508571
0.03454  2874.9716
0.03456  2874.62811429
0.03458  2874.28462857
0.0346  2873.94114286
0.03462  2873.59765714
0.03464  2873.25417143
0.03466  2872.91068571
0.03468  2872.5672
0.0347  2872.22371429
0.03472  2871.88022857
0.03474  2871.53674286
0.03476  2871.19325714
0.03478  2870.84977143
0.0348  2870.50628571
0.03482  2870.1628
0.03484  2869.81931429
0.03486  2869.47582857
0.03488  2869.13234286
0.0349  2868.78885714
0.03492  2868.44537143
0.03494  2868.10188571
0.03496  2867.7584
0.03498  2867.41491429
0.035  2867.07142857
0.03502  2866.72794286
0.03504  2866.38445714
0.03506  2866.04097143
0.03508  2865.69748571
0.0351  2865.354
0.03512  2865.01051429
0.03514  2864.66702857
0.03516  2864.32354286
0.03518  2863.98005714
0.0352  2863.63657143
0.03522  2863.29308571
0.03524  2862.9496
0.03526  2862.60611429
0.03528  2862.26262857
0.0353  2861.91914286
0.03532  2861.57565714
0.03534  2861.23217143
0.03536  2860.88868571
0.03538  2860.5452
0.0354  2860.20171429
0.03542  2859.85822857
0.03544  2859.51474286
0.03546  2859.17125714
0.03548  2858.82777143
0.0355  2858.48428571
0.03552  2858.1408
0.03554  2857.79731429
0.03556  2857.45382857
0.03558  2857.11034286
0.0356  2856.76685714
0.03562  2856.42337143
0.03564  2856.07988571
0.03566  2855.7364
0.03568  2855.39291429
0.0357  2855.04942857
0.03572  2854.70594286
0.03574  2854.36245714
0.03576  2854.01897143
0.03578  2853.67548571
0.0358  2853.332
0.03582  2852.98851429
0.03584  2852.64502857
0.03586  2852.30154286
0.03588  2851.95805714
0.0359  2851.61457143
0.03592  2851.27108571
0.03594  2850.9276
0.03596  2850.58411429
0.03598  2850.24062857
0.036  2849.89714286
0.03602  2849.55365714
0.03604  2849.21017143
0.03606  2848.86668571
0.03608  2848.5232
0.0361  2848.17971429
0.03612  2847.83622857
0.03614  2847.49274286
0.03616  2847.14925714
0.03618  2846.80577143
0.0362  2846.46228571
0.03622  2846.1188
0.03624  2845.77531429
0.03626  2845.43182857
0.03628  2845.08834286
0.0363  2844.74485714
0.03632  2844.40137143
0.03634  2844.05788571
0.03636  2843.7144
0.03638  2843.37091429
0.0364  2843.02742857
0.03642  2842.68394286
0.03644  2842.34045714
0.03646  2841.99697143
0.03648  2841.65348571
0.0365  2841.31
0.03652  2840.96651429
0.03654  2840.62302857
0.03656  2840.27954286
0.03658  2839.93605714
0.0366  2839.59257143
0.03662  2839.24908571
0.03664  2838.9056
0.03666  2838.56211429
0.03668  2838.21862857
0.0367  2837.87514286
0.03672  2837.53165714
0.03674  2837.18817143
0.03676  2836.84468571
0.03678  2836.5012
0.0368  2836.15771429
0.03682  2835.81422857
0.03684  2835.47074286
0.03686  2835.12725714
0.03688  2834.78377143
0.0369  2834.44028571
0.03692  2834.0968
0.03694  2833.75331429
0.03696  2833.40982857
0.03698  2833.06634286
0.037  2832.72285714
0.03702  2832.37937143
0.03704  2832.03588571
0.03706  2831.6924
0.03708  2831.34891429
0.0371  2831.00542857
0.03712  2830.66194286
0.03714  2830.31845714
0.03716  2829.97497143
0.03718  2829.63148571
0.0372  2829.288
0.03722  2828.94451429
0.03724  2828.60102857
0.03726  2828.25754286
0.03728  2827.91405714
0.0373  2827.57057143
0.03732  2827.22708571
0.03734  2826.8836
0.03736  2826.54011429
0.03738  2826.19662857
0.0374  2825.85314286
0.03742  2825.50965714
0.03744  2825.16617143
0.03746  2824.82268571
0.03748  2824.4792
0.0375  2824.13571429
0.03752  2823.79222857
0.03754  2823.44874286
0.03756  2823.10525714
0.03758  2822.76177143
0.0376  2822.41828571
0.03762  2822.0748
0.03764  2821.73131429
0.03766  2821.38782857
0.03768  2821.04434286
0.0377  2820.70085714
0.03772  2820.35737143
0.03774  2820.01388571
0.03776  2819.6704
0.03778  2819.32691429
0.0378  2818.98342857
0.03782  2818.63994286
0.03784  2818.29645714
0.03786  2817.95297143
0.03788  2817.60948571
0.0379  2817.266
0.03792  2816.92251429
0.03794  2816.57902857
0.03796  2816.23554286
0.03798  2815.89205714
0.038  2815.54857143
0.03802  2815.20508571
0.03804  2814.8616
0.03806  2814.51811429
0.03808  2814.17462857
0.0381  2813.83114286
0.03812  2813.48765714
0.03814  2813.14417143
0.03816  2812.80068571
0.03818  2812.4572
0.0382  2812.11371429
0.03822  2811.77022857
0.03824  2811.42674286
0.03826  2811.08325714
0.03828  2810.73977143
0.0383  2810.39628571
0.03832  2810.0528
0.03834  2809.70931429
0.03836  2809.36582857
0.03838  2809.02234286
0.0384  2808.67885714
0.03842  2808.33537143
0.03844  2807.99188571
0.03846  2807.6484
0.03848  2807.30491429
0.0385  2806.96142857
0.03852  2806.61794286
0.03854  2806.27445714
0.03856  2805.93097143
0.03858  2805.58748571
0.0386  2805.244
0.03862  2804.90051429
0.03864  2804.55702857
0.03866  2804.21354286
0.03868  2803.87005714
0.0387  2803.52657143
0.03872  2803.18308571
0.03874  2802.8396
0.03876  2802.49611429
0.03878  2802.15262857
0.0388  2801.80914286
0.03882  2801.46565714
0.03884  2801.12217143
0.03886  2800.77868571
0.03888  2800.4352
0.0389  2800.09171429
0.03892  2799.74822857
0.03894  2799.40474286
0.03896  2799.06125714
0.03898  2798.71777143
0.039  2798.37428571
0.03902  2798.0308
0.03904  2797.68731429
0.03906  2797.34382857
0.03908  2797.00034286
0.0391  2796.65685714
0.03912  2796.31337143
0.03914  2795.96988571
0.03916  2795.6264
0.03918  2795.28291429
0.0392  2794.93942857
0.03922  2794.59594286
0.03924  2794.25245714
0.03926  2793.90897143
0.03928  2793.56548571
0.0393  2793.222
0.03932  2792.87851429
0.03934  2792.53502857
0.03936  2792.19154286
0.03938  2791.84805714
0.0394  2791.50457143
0.03942  2791.16108571
0.03944  2790.8176
0.03946  2790.47411429
0.03948  2790.13062857
0.0395  2789.78714286
0.03952  2789.44365714
0.03954  2789.10017143
0.03956  2788.75668571
0.03958  2788.4132
0.0396  2788.06971429
0.03962  2787.72622857
0.03964  2787.38274286
0.03966  2787.03925714
0.03968  2786.69577143
0.0397  2786.35228571
0.03972  2786.0088
0.03974  2785.66531429
0.03976  2785.32182857
0.03978  2784.97834286
0.0398  2784.63485714
0.03982  2784.29137143
0.03984  2783.94788571
0.03986  2783.6044
0.03988  2783.26091429
0.0399  2782.91742857
0.03992  2782.57394286
0.03994  2782.23045714
0.03996  2781.88697143
0.03998  2781.54348571
0.04  2781.2
0.04002  2699.54
0.04004  2609.94
0.04006  2512.88
0.04008  2408.72
0.0401  2297.1
0.04012  2179.6
0.04014  2056.88
0.04016  1930.17
0.04018  1800.45
0.0402  1669.88
0.04022  1539.67
0.04024  1411.32
0.04026  1285.97
0.04028  1165.82
0.0403  1051.04
0.04032  942.518
0.04034  841.686
0.04036  747.898
0.04038  662.068
0.0404  583.918
0.04042  513.264
0.04044  449.794
0.04046  393.238
0.04048  342.848
0.0405  298.272
0.04052  258.91
0.04054  224.61
0.04056  194.431
0.04058  168.029
0.0406  145.104
0.04062  125.139
0.04064  107.871
0.04066  97.7994
0.04068  90.069
0.0407  84.335
0.04072  80.722
0.04074  79.41
0.04076  78.119
0.04078  78.9576
0.0408  81.1536
0.04082  84.8178
0.04084  91.1014
0.04086  97.7994
0.04088  109.101
0.0409  122.255
0.04092  138.425
0.04094  159.218
0.04096  183.907
0.04098  214.434
0.041  253.548
0.04102  294.682
0.04104  345.018
0.04106  406.874
0.04108  473.452
0.0411  546.418
0.04112  625.62
0.04114  713.21
0.04116  809.49
0.04118  907.054
0.0412  1019.01
0.04122  1122.29
0.04124  1234.91
0.04126  1329.3
0.04128  1444.29
0.0413  1543.28
0.04132  1648
0.04134  1738.86
0.04136  1839.06
0.04138  1919.73
0.0414  1998.45
0.04142  2077.12
0.04144  2144.28
0.04146  2214.78
0.04148  2270.78
0.0415  2320.8
0.04152  2370.2
0.04154  2413.92
0.04156  2452.78
0.04158  2483.14
0.0416  2524.34
0.04162  2549.72
0.04164  2581.42
0.04166  2608.98
0.04168  2629.18
0.0417  2655.82
0.04172  2668.9
0.04174  2687.96
0.04176  2703.66
0.04178  2722.26
0.0418  2740.3
0.04182  2755.1
0.04184  2766.64
0.04186  2772.66
0.04188  2783.96
0.0419  2795.3
0.04192  2803.78
0.04194  2811.98
0.04196  2820.1
0.04198  2828.14
0.042  2836.06
0.04202  2836.06
0.04204  2841.18
0.04206  2843.92
0.04208  2857.04
0.0421  2857.04
0.04212  2862
0.04214  2864.66
0.04216  2869.56
0.04218  2867.28
0.0422  2872.18
0.04222  2877.2
0.04224  2882.2
0.04226  2879.62
0.04228  2882.2
0.0423  2882.2
0.04232  2889.52
0.04234  2886.96
0.04236  2886.96
0.04238  2886.96
0.0424  2891.88
0.04242  2891.88
0.04244  2896.76
0.04246  2896.76
0.04248  2894.4
0.0425  2899.26
0.04252  2899.26
0.04254  2894.4
0.04256  2896.76
0.04258  2896.76
0.0426  2896.76
0.04262  2899.26
0.04264  2899.26
0.04266  2899.26
0.04268  2901.42
0.0427  2896.76
0.04272  2899.26
0.04274  2896.76
0.04276  2899.26
0.04278  2899.26
0.0428  2901.42
0.04282  2899.26
0.04284  2903.9
0.04286  2903.9
0.04288  2896.76
0.0429  2903.9
0.04292  2899.26
0.04294  2901.42
0.04296  2899.26
0.04298  2896.76
0.043  2901.42
