0    804843
2e-05    787328
4e-05    769768
6e-05    752253
8e-05    734782
0.0001    717222
0.00012    699707
0.00014    682192
0.00016    664676
0.00018    647116
0.0002    629601
0.00022    612086
0.00024    594570
0.00026    577010
0.00028    559539
0.0003    542024
0.00032    524464
0.00034    506993
0.00036    489434
0.00038    471918
0.0004    454403
0.00042    436888
0.00044    419372
0.00046    401902
0.00048    384386
0.0005    366871
0.00052    349311
0.00054    331885
0.00056    314369
0.00058    296810
0.0006    279294
0.00062    261734
0.00064    244219
0.00066    232705
0.00068    223058
0.0007    215368
0.00072    210255
0.00074    208344
0.00076    206432
0.00078    207677
0.0008    210877
0.00082    216034
0.00084    224392
0.00086    232705
0.00088    245553
0.0009    258978
0.00092    273693
0.00094    290363
0.00096    307657
0.00098    326239
0.001    346733
0.00102    365359
0.00104    385186
0.00106    406303
0.00108    426130
0.0011    445334
0.00112    463961
0.00114    482543
0.00116    501125
0.00118    518463
0.0012    536956
0.00122    553005
0.00124    569676
0.00126    583145
0.00128    599105
0.0013    612574
0.00132    626667
0.00134    638847
0.00136    652318
0.00138    663253
0.0014    674056
0.00142    685036
0.00144    694595
0.00146    704864
0.00148    713221
0.0015    720867
0.00152    728603
0.00154    735627
0.00156    742028
0.00158    747140
0.0016    754253
0.00162    758743
0.00164    764478
0.00166    769591
0.00168    773413
0.0017    778570
0.00172    781148
0.00174    784972
0.00176    788172
0.00178    792040
0.0018    795864
0.00182    799064
0.00184    801598
0.00186    802931
0.00188    805466
0.0019    808044
0.00192    810000
0.00194    811911
0.00196    813823
0.00198    815735
0.002    817647
0.00202    817647
0.00204    818891
0.00206    819558
0.00208    822803
0.0021    822803
0.00212    824048
0.00214    824715
0.00216    825959
0.00218    825382
0.0022    826626
0.00222    827916
0.00224    829204
0.00226    828538
0.00228    829204
0.0023    829204
0.00232    831116
0.00234    830449
0.00236    830449
0.00238    830449
0.0024    831738
0.00242    831738
0.00244    833028
0.00246    833028
0.00248    832406
0.0025    833694
0.00252    833694
0.00254    832406
0.00256    833028
0.00258    833028
0.0026    833028
0.00262    833694
0.00264    833694
0.00266    833694
0.00268    834273
0.0027    833028
0.00272    833694
0.00274    833028
0.00276    833694
0.00278    833694
0.0028    834273
0.00282    833694
0.00284    834939
0.00286    834939
0.00288    833028
0.0029    834939
0.00292    833694
0.00294    834273
0.00296    833694
0.00298    833028
0.003    0



