0.000000  10.446180
0.000020  12.496340
0.000040  14.955680
0.000060  17.890760
0.000080  21.392200
0.000100  25.602400
0.000120  30.627000
0.000140  36.638000
0.000160  43.828600
0.000180  52.454200
0.000200  62.748800
0.000220  75.064000
0.000240  89.796000
0.000260  107.468200
0.000280  128.501400
0.000300  153.721200
0.000320  183.974200
0.000340  219.980000
0.000360  263.274000
0.000380  314.944000
0.000400  376.754000
0.000420  450.696000
0.000440  539.148000
0.000460  644.668000
0.000480  771.190000
0.000500  922.544000
0.000520  1104.104000
0.000540  1319.592000
0.000560  1578.576000
0.000580  1889.246000
0.000600  2260.020000
0.000620  2704.820000
0.000640  3235.660000
0.000660  3640.180000
0.000680  4017.780000
0.000700  4346.680000
0.000720  4580.080000
0.000740  4670.540000
0.000760  4762.780000
0.000780  4702.500000
0.000800  4551.020000
0.000820  4317.140000
0.000840  3963.320000
0.000860  3640.180000
0.000880  3191.800000
0.000900  2782.180000
0.000920  2393.340000
0.000940  2018.040000
0.000960  1690.794000
0.000980  1398.064000
0.001000  1133.618000
0.001020  936.920000
0.001040  764.902000
0.001060  616.284000
0.001080  503.134000
0.001100  413.384000
0.001120  341.656000
0.001140  282.504000
0.001160  233.592000
0.001180  195.624200
0.001200  161.901600
0.001220  137.386000
0.001240  115.843000
0.001260  100.930200
0.001280  85.725200
0.001300  74.689600
0.001320  64.661200
0.001340  57.085000
0.001360  49.735800
0.001380  44.471200
0.001400  39.818000
0.001420  35.587000
0.001440  32.271600
0.001460  29.053200
0.001480  26.672200
0.001500  24.665200
0.001520  22.788400
0.001540  21.208200
0.001560  19.863800
0.001580  18.851560
0.001600  17.528400
0.001620  16.741400
0.001640  15.787460
0.001660  14.982840
0.001680  14.408160
0.001700  13.667720
0.001720  13.311880
0.001740  12.801220
0.001760  12.388820
0.001780  11.908140
0.001800  11.451320
0.001820  11.082420
0.001840  10.798820
0.001860  10.652500
0.001880  10.379820
0.001900  10.109600
0.001920  9.909340
0.001940  9.717420
0.001960  9.529200
0.001980  9.344640
0.002000  9.163640
0.002020  9.163640
0.002040  9.047720
0.002060  8.986220
0.002080  8.692720
0.002100  8.692720
0.002120  8.582740
0.002140  8.524340
0.002160  8.416500
0.002180  8.466400
0.002200  8.359300
0.002220  8.249740
0.002240  8.141660
0.002260  8.197400
0.002280  8.141660
0.002300  8.141660
0.002320  7.983980
0.002340  8.038620
0.002360  8.038620
0.002380  8.038620
0.002400  7.933320
0.002420  7.933320
0.002440  7.829340
0.002460  7.829340
0.002480  7.879340
0.002500  7.776120
0.002520  7.776120
0.002540  7.879340
0.002560  7.829340
0.002580  7.829340
0.002600  7.829340
0.002620  7.776120
0.002640  7.776120
0.002660  7.776120
0.002680  7.730240
0.002700  7.829340
0.002720  7.776120
0.002740  7.829340
0.002760  7.776120
0.002780  7.776120
0.002800  7.730240
0.002820  7.776120
0.002840  7.677700
0.002860  7.677700
0.002880  7.829340
0.002900  7.677700
0.002920  7.776120
0.002940  7.730240
0.002960  7.776120
0.002980  7.829340
0.003000  7.730240
0.00302  7.72248017143
0.00304  7.71472034286
0.00306  7.70696051429
0.00308  7.69920068571
0.0031  7.69144085714
0.00312  7.68368102857
0.00314  7.6759212
0.00316  7.66816137143
0.00318  7.66040154286
0.0032  7.65264171429
0.00322  7.64488188571
0.00324  7.63712205714
0.00326  7.62936222857
0.00328  7.6216024
0.0033  7.61384257143
0.00332  7.60608274286
0.00334  7.59832291429
0.00336  7.59056308571
0.00338  7.58280325714
0.0034  7.57504342857
0.00342  7.5672836
0.00344  7.55952377143
0.00346  7.55176394286
0.00348  7.54400411429
0.0035  7.53624428571
0.00352  7.52848445714
0.00354  7.52072462857
0.00356  7.5129648
0.00358  7.50520497143
0.0036  7.49744514286
0.00362  7.48968531429
0.00364  7.48192548571
0.00366  7.47416565714
0.00368  7.46640582857
0.0037  7.458646
0.00372  7.45088617143
0.00374  7.44312634286
0.00376  7.43536651429
0.00378  7.42760668571
0.0038  7.41984685714
0.00382  7.41208702857
0.00384  7.4043272
0.00386  7.39656737143
0.00388  7.38880754286
0.0039  7.38104771429
0.00392  7.37328788571
0.00394  7.36552805714
0.00396  7.35776822857
0.00398  7.3500084
0.004  7.34224857143
0.00402  7.33448874286
0.00404  7.32672891429
0.00406  7.31896908571
0.00408  7.31120925714
0.0041  7.30344942857
0.00412  7.2956896
0.00414  7.28792977143
0.00416  7.28016994286
0.00418  7.27241011429
0.0042  7.26465028571
0.00422  7.25689045714
0.00424  7.24913062857
0.00426  7.2413708
0.00428  7.23361097143
0.0043  7.22585114286
0.00432  7.21809131429
0.00434  7.21033148571
0.00436  7.20257165714
0.00438  7.19481182857
0.0044  7.187052
0.00442  7.17929217143
0.00444  7.17153234286
0.00446  7.16377251429
0.00448  7.15601268571
0.0045  7.14825285714
0.00452  7.14049302857
0.00454  7.1327332
0.00456  7.12497337143
0.00458  7.11721354286
0.0046  7.10945371429
0.00462  7.10169388571
0.00464  7.09393405714
0.00466  7.08617422857
0.00468  7.0784144
0.0047  7.07065457143
0.00472  7.06289474286
0.00474  7.05513491429
0.00476  7.04737508571
0.00478  7.03961525714
0.0048  7.03185542857
0.00482  7.0240956
0.00484  7.01633577143
0.00486  7.00857594286
0.00488  7.00081611429
0.0049  6.99305628571
0.00492  6.98529645714
0.00494  6.97753662857
0.00496  6.9697768
0.00498  6.96201697143
0.005  6.95425714286
0.00502  6.94649731429
0.00504  6.93873748571
0.00506  6.93097765714
0.00508  6.92321782857
0.0051  6.915458
0.00512  6.90769817143
0.00514  6.89993834286
0.00516  6.89217851429
0.00518  6.88441868571
0.0052  6.87665885714
0.00522  6.86889902857
0.00524  6.8611392
0.00526  6.85337937143
0.00528  6.84561954286
0.0053  6.83785971429
0.00532  6.83009988571
0.00534  6.82234005714
0.00536  6.81458022857
0.00538  6.8068204
0.0054  6.79906057143
0.00542  6.79130074286
0.00544  6.78354091429
0.00546  6.77578108571
0.00548  6.76802125714
0.0055  6.76026142857
0.00552  6.7525016
0.00554  6.74474177143
0.00556  6.73698194286
0.00558  6.72922211429
0.0056  6.72146228571
0.00562  6.71370245714
0.00564  6.70594262857
0.00566  6.6981828
0.00568  6.69042297143
0.0057  6.68266314286
0.00572  6.67490331429
0.00574  6.66714348571
0.00576  6.65938365714
0.00578  6.65162382857
0.0058  6.643864
0.00582  6.63610417143
0.00584  6.62834434286
0.00586  6.62058451429
0.00588  6.61282468571
0.0059  6.60506485714
0.00592  6.59730502857
0.00594  6.5895452
0.00596  6.58178537143
0.00598  6.57402554286
0.006  6.56626571429
0.00602  6.55850588571
0.00604  6.55074605714
0.00606  6.54298622857
0.00608  6.5352264
0.0061  6.52746657143
0.00612  6.51970674286
0.00614  6.51194691429
0.00616  6.50418708571
0.00618  6.49642725714
0.0062  6.48866742857
0.00622  6.4809076
0.00624  6.47314777143
0.00626  6.46538794286
0.00628  6.45762811429
0.0063  6.44986828571
0.00632  6.44210845714
0.00634  6.43434862857
0.00636  6.4265888
0.00638  6.41882897143
0.0064  6.41106914286
0.00642  6.40330931429
0.00644  6.39554948571
0.00646  6.38778965714
0.00648  6.38002982857
0.0065  6.37227
0.00652  6.36451017143
0.00654  6.35675034286
0.00656  6.34899051429
0.00658  6.34123068571
0.0066  6.33347085714
0.00662  6.32571102857
0.00664  6.3179512
0.00666  6.31019137143
0.00668  6.30243154286
0.0067  6.29467171429
0.00672  6.28691188571
0.00674  6.27915205714
0.00676  6.27139222857
0.00678  6.2636324
0.0068  6.25587257143
0.00682  6.24811274286
0.00684  6.24035291429
0.00686  6.23259308571
0.00688  6.22483325714
0.0069  6.21707342857
0.00692  6.2093136
0.00694  6.20155377143
0.00696  6.19379394286
0.00698  6.18603411429
0.007  6.17827428571
0.00702  6.17051445714
0.00704  6.16275462857
0.00706  6.1549948
0.00708  6.14723497143
0.0071  6.13947514286
0.00712  6.13171531429
0.00714  6.12395548571
0.00716  6.11619565714
0.00718  6.10843582857
0.0072  6.100676
0.00722  6.09291617143
0.00724  6.08515634286
0.00726  6.07739651429
0.00728  6.06963668571
0.0073  6.06187685714
0.00732  6.05411702857
0.00734  6.0463572
0.00736  6.03859737143
0.00738  6.03083754286
0.0074  6.02307771429
0.00742  6.01531788571
0.00744  6.00755805714
0.00746  5.99979822857
0.00748  5.9920384
0.0075  5.98427857143
0.00752  5.97651874286
0.00754  5.96875891429
0.00756  5.96099908571
0.00758  5.95323925714
0.0076  5.94547942857
0.00762  5.9377196
0.00764  5.92995977143
0.00766  5.92219994286
0.00768  5.91444011429
0.0077  5.90668028571
0.00772  5.89892045714
0.00774  5.89116062857
0.00776  5.8834008
0.00778  5.87564097143
0.0078  5.86788114286
0.00782  5.86012131429
0.00784  5.85236148571
0.00786  5.84460165714
0.00788  5.83684182857
0.0079  5.829082
0.00792  5.82132217143
0.00794  5.81356234286
0.00796  5.80580251429
0.00798  5.79804268571
0.008  5.79028285714
0.00802  5.78252302857
0.00804  5.7747632
0.00806  5.76700337143
0.00808  5.75924354286
0.0081  5.75148371429
0.00812  5.74372388571
0.00814  5.73596405714
0.00816  5.72820422857
0.00818  5.7204444
0.0082  5.71268457143
0.00822  5.70492474286
0.00824  5.69716491429
0.00826  5.68940508571
0.00828  5.68164525714
0.0083  5.67388542857
0.00832  5.6661256
0.00834  5.65836577143
0.00836  5.65060594286
0.00838  5.64284611429
0.0084  5.63508628571
0.00842  5.62732645714
0.00844  5.61956662857
0.00846  5.6118068
0.00848  5.60404697143
0.0085  5.59628714286
0.00852  5.58852731429
0.00854  5.58076748571
0.00856  5.57300765714
0.00858  5.56524782857
0.0086  5.557488
0.00862  5.54972817143
0.00864  5.54196834286
0.00866  5.53420851429
0.00868  5.52644868571
0.0087  5.51868885714
0.00872  5.51092902857
0.00874  5.5031692
0.00876  5.49540937143
0.00878  5.48764954286
0.0088  5.47988971429
0.00882  5.47212988571
0.00884  5.46437005714
0.00886  5.45661022857
0.00888  5.4488504
0.0089  5.44109057143
0.00892  5.43333074286
0.00894  5.42557091429
0.00896  5.41781108571
0.00898  5.41005125714
0.009  5.40229142857
0.00902  5.3945316
0.00904  5.38677177143
0.00906  5.37901194286
0.00908  5.37125211429
0.0091  5.36349228571
0.00912  5.35573245714
0.00914  5.34797262857
0.00916  5.3402128
0.00918  5.33245297143
0.0092  5.32469314286
0.00922  5.31693331429
0.00924  5.30917348571
0.00926  5.30141365714
0.00928  5.29365382857
0.0093  5.285894
0.00932  5.27813417143
0.00934  5.27037434286
0.00936  5.26261451429
0.00938  5.25485468571
0.0094  5.24709485714
0.00942  5.23933502857
0.00944  5.2315752
0.00946  5.22381537143
0.00948  5.21605554286
0.0095  5.20829571429
0.00952  5.20053588571
0.00954  5.19277605714
0.00956  5.18501622857
0.00958  5.1772564
0.0096  5.16949657143
0.00962  5.16173674286
0.00964  5.15397691429
0.00966  5.14621708571
0.00968  5.13845725714
0.0097  5.13069742857
0.00972  5.1229376
0.00974  5.11517777143
0.00976  5.10741794286
0.00978  5.09965811429
0.0098  5.09189828571
0.00982  5.08413845714
0.00984  5.07637862857
0.00986  5.0686188
0.00988  5.06085897143
0.0099  5.05309914286
0.00992  5.04533931429
0.00994  5.03757948571
0.00996  5.02981965714
0.00998  5.02205982857
0.01  10.446180
0.01002  12.496340
0.01004  14.955680
0.01006  17.890760
0.01008  21.392200
0.0101  25.602400
0.01012  30.627000
0.01014  36.638000
0.01016  43.828600
0.01018  52.454200
0.0102  62.748800
0.01022  75.064000
0.01024  89.796000
0.01026  107.468200
0.01028  128.501400
0.0103  153.721200
0.01032  183.974200
0.01034  219.980000
0.01036  263.274000
0.01038  314.944000
0.0104  376.754000
0.01042  450.696000
0.01044  539.148000
0.01046  644.668000
0.01048  771.190000
0.0105  922.544000
0.01052  1104.104000
0.01054  1319.592000
0.01056  1578.576000
0.01058  1889.246000
0.0106  2260.020000
0.01062  2704.820000
0.01064  3235.660000
0.01066  3640.180000
0.01068  4017.780000
0.0107  4346.680000
0.01072  4580.080000
0.01074  4670.540000
0.01076  4762.780000
0.01078  4702.500000
0.0108  4551.020000
0.01082  4317.140000
0.01084  3963.320000
0.01086  3640.180000
0.01088  3191.800000
0.0109  2782.180000
0.01092  2393.340000
0.01094  2018.040000
0.01096  1690.794000
0.01098  1398.064000
0.011  1133.618000
0.01102  936.920000
0.01104  764.902000
0.01106  616.284000
0.01108  503.134000
0.0111  413.384000
0.01112  341.656000
0.01114  282.504000
0.01116  233.592000
0.01118  195.624200
0.0112  161.901600
0.01122  137.386000
0.01124  115.843000
0.01126  100.930200
0.01128  85.725200
0.0113  74.689600
0.01132  64.661200
0.01134  57.085000
0.01136  49.735800
0.01138  44.471200
0.0114  39.818000
0.01142  35.587000
0.01144  32.271600
0.01146  29.053200
0.01148  26.672200
0.0115  24.665200
0.01152  22.788400
0.01154  21.208200
0.01156  19.863800
0.01158  18.851560
0.0116  17.528400
0.01162  16.741400
0.01164  15.787460
0.01166  14.982840
0.01168  14.408160
0.0117  13.667720
0.01172  13.311880
0.01174  12.801220
0.01176  12.388820
0.01178  11.908140
0.0118  11.451320
0.01182  11.082420
0.01184  10.798820
0.01186  10.652500
0.01188  10.379820
0.0119  10.109600
0.01192  9.909340
0.01194  9.717420
0.01196  9.529200
0.01198  9.344640
0.012  9.163640
0.01202  9.163640
0.01204  9.047720
0.01206  8.986220
0.01208  8.692720
0.0121  8.692720
0.01212  8.582740
0.01214  8.524340
0.01216  8.416500
0.01218  8.466400
0.0122  8.359300
0.01222  8.249740
0.01224  8.141660
0.01226  8.197400
0.01228  8.141660
0.0123  8.141660
0.01232  7.983980
0.01234  8.038620
0.01236  8.038620
0.01238  8.038620
0.0124  7.933320
0.01242  7.933320
0.01244  7.829340
0.01246  7.829340
0.01248  7.879340
0.0125  7.776120
0.01252  7.776120
0.01254  7.879340
0.01256  7.829340
0.01258  7.829340
0.0126  7.829340
0.01262  7.776120
0.01264  7.776120
0.01266  7.776120
0.01268  7.730240
0.0127  7.829340
0.01272  7.776120
0.01274  7.829340
0.01276  7.776120
0.01278  7.776120
0.0128  7.730240
0.01282  7.776120
0.01284  7.677700
0.01286  7.677700
0.01288  7.829340
0.0129  7.677700
0.01292  7.776120
0.01294  7.730240
0.01296  7.776120
0.01298  7.829340
0.013  7.730240
0.01302  7.72248017143
0.01304  7.71472034286
0.01306  7.70696051429
0.01308  7.69920068571
0.0131  7.69144085714
0.01312  7.68368102857
0.01314  7.6759212
0.01316  7.66816137143
0.01318  7.66040154286
0.0132  7.65264171429
0.01322  7.64488188571
0.01324  7.63712205714
0.01326  7.62936222857
0.01328  7.6216024
0.0133  7.61384257143
0.01332  7.60608274286
0.01334  7.59832291429
0.01336  7.59056308571
0.01338  7.58280325714
0.0134  7.57504342857
0.01342  7.5672836
0.01344  7.55952377143
0.01346  7.55176394286
0.01348  7.54400411429
0.0135  7.53624428571
0.01352  7.52848445714
0.01354  7.52072462857
0.01356  7.5129648
0.01358  7.50520497143
0.0136  7.49744514286
0.01362  7.48968531429
0.01364  7.48192548571
0.01366  7.47416565714
0.01368  7.46640582857
0.0137  7.458646
0.01372  7.45088617143
0.01374  7.44312634286
0.01376  7.43536651429
0.01378  7.42760668571
0.0138  7.41984685714
0.01382  7.41208702857
0.01384  7.4043272
0.01386  7.39656737143
0.01388  7.38880754286
0.0139  7.38104771429
0.01392  7.37328788571
0.01394  7.36552805714
0.01396  7.35776822857
0.01398  7.3500084
0.014  7.34224857143
0.01402  7.33448874286
0.01404  7.32672891429
0.01406  7.31896908571
0.01408  7.31120925714
0.0141  7.30344942857
0.01412  7.2956896
0.01414  7.28792977143
0.01416  7.28016994286
0.01418  7.27241011429
0.0142  7.26465028571
0.01422  7.25689045714
0.01424  7.24913062857
0.01426  7.2413708
0.01428  7.23361097143
0.0143  7.22585114286
0.01432  7.21809131429
0.01434  7.21033148571
0.01436  7.20257165714
0.01438  7.19481182857
0.0144  7.187052
0.01442  7.17929217143
0.01444  7.17153234286
0.01446  7.16377251429
0.01448  7.15601268571
0.0145  7.14825285714
0.01452  7.14049302857
0.01454  7.1327332
0.01456  7.12497337143
0.01458  7.11721354286
0.0146  7.10945371429
0.01462  7.10169388571
0.01464  7.09393405714
0.01466  7.08617422857
0.01468  7.0784144
0.0147  7.07065457143
0.01472  7.06289474286
0.01474  7.05513491429
0.01476  7.04737508571
0.01478  7.03961525714
0.0148  7.03185542857
0.01482  7.0240956
0.01484  7.01633577143
0.01486  7.00857594286
0.01488  7.00081611429
0.0149  6.99305628571
0.01492  6.98529645714
0.01494  6.97753662857
0.01496  6.9697768
0.01498  6.96201697143
0.015  6.95425714286
0.01502  6.94649731429
0.01504  6.93873748571
0.01506  6.93097765714
0.01508  6.92321782857
0.0151  6.915458
0.01512  6.90769817143
0.01514  6.89993834286
0.01516  6.89217851429
0.01518  6.88441868571
0.0152  6.87665885714
0.01522  6.86889902857
0.01524  6.8611392
0.01526  6.85337937143
0.01528  6.84561954286
0.0153  6.83785971429
0.01532  6.83009988571
0.01534  6.82234005714
0.01536  6.81458022857
0.01538  6.8068204
0.0154  6.79906057143
0.01542  6.79130074286
0.01544  6.78354091429
0.01546  6.77578108571
0.01548  6.76802125714
0.0155  6.76026142857
0.01552  6.7525016
0.01554  6.74474177143
0.01556  6.73698194286
0.01558  6.72922211429
0.0156  6.72146228571
0.01562  6.71370245714
0.01564  6.70594262857
0.01566  6.6981828
0.01568  6.69042297143
0.0157  6.68266314286
0.01572  6.67490331429
0.01574  6.66714348571
0.01576  6.65938365714
0.01578  6.65162382857
0.0158  6.643864
0.01582  6.63610417143
0.01584  6.62834434286
0.01586  6.62058451429
0.01588  6.61282468571
0.0159  6.60506485714
0.01592  6.59730502857
0.01594  6.5895452
0.01596  6.58178537143
0.01598  6.57402554286
0.016  6.56626571429
0.01602  6.55850588571
0.01604  6.55074605714
0.01606  6.54298622857
0.01608  6.5352264
0.0161  6.52746657143
0.01612  6.51970674286
0.01614  6.51194691429
0.01616  6.50418708571
0.01618  6.49642725714
0.0162  6.48866742857
0.01622  6.4809076
0.01624  6.47314777143
0.01626  6.46538794286
0.01628  6.45762811429
0.0163  6.44986828571
0.01632  6.44210845714
0.01634  6.43434862857
0.01636  6.4265888
0.01638  6.41882897143
0.0164  6.41106914286
0.01642  6.40330931429
0.01644  6.39554948571
0.01646  6.38778965714
0.01648  6.38002982857
0.0165  6.37227
0.01652  6.36451017143
0.01654  6.35675034286
0.01656  6.34899051429
0.01658  6.34123068571
0.0166  6.33347085714
0.01662  6.32571102857
0.01664  6.3179512
0.01666  6.31019137143
0.01668  6.30243154286
0.0167  6.29467171429
0.01672  6.28691188571
0.01674  6.27915205714
0.01676  6.27139222857
0.01678  6.2636324
0.0168  6.25587257143
0.01682  6.24811274286
0.01684  6.24035291429
0.01686  6.23259308571
0.01688  6.22483325714
0.0169  6.21707342857
0.01692  6.2093136
0.01694  6.20155377143
0.01696  6.19379394286
0.01698  6.18603411429
0.017  6.17827428571
0.01702  6.17051445714
0.01704  6.16275462857
0.01706  6.1549948
0.01708  6.14723497143
0.0171  6.13947514286
0.01712  6.13171531429
0.01714  6.12395548571
0.01716  6.11619565714
0.01718  6.10843582857
0.0172  6.100676
0.01722  6.09291617143
0.01724  6.08515634286
0.01726  6.07739651429
0.01728  6.06963668571
0.0173  6.06187685714
0.01732  6.05411702857
0.01734  6.0463572
0.01736  6.03859737143
0.01738  6.03083754286
0.0174  6.02307771429
0.01742  6.01531788571
0.01744  6.00755805714
0.01746  5.99979822857
0.01748  5.9920384
0.0175  5.98427857143
0.01752  5.97651874286
0.01754  5.96875891429
0.01756  5.96099908571
0.01758  5.95323925714
0.0176  5.94547942857
0.01762  5.9377196
0.01764  5.92995977143
0.01766  5.92219994286
0.01768  5.91444011429
0.0177  5.90668028571
0.01772  5.89892045714
0.01774  5.89116062857
0.01776  5.8834008
0.01778  5.87564097143
0.0178  5.86788114286
0.01782  5.86012131429
0.01784  5.85236148571
0.01786  5.84460165714
0.01788  5.83684182857
0.0179  5.829082
0.01792  5.82132217143
0.01794  5.81356234286
0.01796  5.80580251429
0.01798  5.79804268571
0.018  5.79028285714
0.01802  5.78252302857
0.01804  5.7747632
0.01806  5.76700337143
0.01808  5.75924354286
0.0181  5.75148371429
0.01812  5.74372388571
0.01814  5.73596405714
0.01816  5.72820422857
0.01818  5.7204444
0.0182  5.71268457143
0.01822  5.70492474286
0.01824  5.69716491429
0.01826  5.68940508571
0.01828  5.68164525714
0.0183  5.67388542857
0.01832  5.6661256
0.01834  5.65836577143
0.01836  5.65060594286
0.01838  5.64284611429
0.0184  5.63508628571
0.01842  5.62732645714
0.01844  5.61956662857
0.01846  5.6118068
0.01848  5.60404697143
0.0185  5.59628714286
0.01852  5.58852731429
0.01854  5.58076748571
0.01856  5.57300765714
0.01858  5.56524782857
0.0186  5.557488
0.01862  5.54972817143
0.01864  5.54196834286
0.01866  5.53420851429
0.01868  5.52644868571
0.0187  5.51868885714
0.01872  5.51092902857
0.01874  5.5031692
0.01876  5.49540937143
0.01878  5.48764954286
0.0188  5.47988971429
0.01882  5.47212988571
0.01884  5.46437005714
0.01886  5.45661022857
0.01888  5.4488504
0.0189  5.44109057143
0.01892  5.43333074286
0.01894  5.42557091429
0.01896  5.41781108571
0.01898  5.41005125714
0.019  5.40229142857
0.01902  5.3945316
0.01904  5.38677177143
0.01906  5.37901194286
0.01908  5.37125211429
0.0191  5.36349228571
0.01912  5.35573245714
0.01914  5.34797262857
0.01916  5.3402128
0.01918  5.33245297143
0.0192  5.32469314286
0.01922  5.31693331429
0.01924  5.30917348571
0.01926  5.30141365714
0.01928  5.29365382857
0.0193  5.285894
0.01932  5.27813417143
0.01934  5.27037434286
0.01936  5.26261451429
0.01938  5.25485468571
0.0194  5.24709485714
0.01942  5.23933502857
0.01944  5.2315752
0.01946  5.22381537143
0.01948  5.21605554286
0.0195  5.20829571429
0.01952  5.20053588571
0.01954  5.19277605714
0.01956  5.18501622857
0.01958  5.1772564
0.0196  5.16949657143
0.01962  5.16173674286
0.01964  5.15397691429
0.01966  5.14621708571
0.01968  5.13845725714
0.0197  5.13069742857
0.01972  5.1229376
0.01974  5.11517777143
0.01976  5.10741794286
0.01978  5.09965811429
0.0198  5.09189828571
0.01982  5.08413845714
0.01984  5.07637862857
0.01986  5.0686188
0.01988  5.06085897143
0.0199  5.05309914286
0.01992  5.04533931429
0.01994  5.03757948571
0.01996  5.02981965714
0.01998  5.02205982857
0.02  10.446180
0.02002  12.496340
0.02004  14.955680
0.02006  17.890760
0.02008  21.392200
0.0201  25.602400
0.02012  30.627000
0.02014  36.638000
0.02016  43.828600
0.02018  52.454200
0.0202  62.748800
0.02022  75.064000
0.02024  89.796000
0.02026  107.468200
0.02028  128.501400
0.0203  153.721200
0.02032  183.974200
0.02034  219.980000
0.02036  263.274000
0.02038  314.944000
0.0204  376.754000
0.02042  450.696000
0.02044  539.148000
0.02046  644.668000
0.02048  771.190000
0.0205  922.544000
0.02052  1104.104000
0.02054  1319.592000
0.02056  1578.576000
0.02058  1889.246000
0.0206  2260.020000
0.02062  2704.820000
0.02064  3235.660000
0.02066  3640.180000
0.02068  4017.780000
0.0207  4346.680000
0.02072  4580.080000
0.02074  4670.540000
0.02076  4762.780000
0.02078  4702.500000
0.0208  4551.020000
0.02082  4317.140000
0.02084  3963.320000
0.02086  3640.180000
0.02088  3191.800000
0.0209  2782.180000
0.02092  2393.340000
0.02094  2018.040000
0.02096  1690.794000
0.02098  1398.064000
0.021  1133.618000
0.02102  936.920000
0.02104  764.902000
0.02106  616.284000
0.02108  503.134000
0.0211  413.384000
0.02112  341.656000
0.02114  282.504000
0.02116  233.592000
0.02118  195.624200
0.0212  161.901600
0.02122  137.386000
0.02124  115.843000
0.02126  100.930200
0.02128  85.725200
0.0213  74.689600
0.02132  64.661200
0.02134  57.085000
0.02136  49.735800
0.02138  44.471200
0.0214  39.818000
0.02142  35.587000
0.02144  32.271600
0.02146  29.053200
0.02148  26.672200
0.0215  24.665200
0.02152  22.788400
0.02154  21.208200
0.02156  19.863800
0.02158  18.851560
0.0216  17.528400
0.02162  16.741400
0.02164  15.787460
0.02166  14.982840
0.02168  14.408160
0.0217  13.667720
0.02172  13.311880
0.02174  12.801220
0.02176  12.388820
0.02178  11.908140
0.0218  11.451320
0.02182  11.082420
0.02184  10.798820
0.02186  10.652500
0.02188  10.379820
0.0219  10.109600
0.02192  9.909340
0.02194  9.717420
0.02196  9.529200
0.02198  9.344640
0.022  9.163640
0.02202  9.163640
0.02204  9.047720
0.02206  8.986220
0.02208  8.692720
0.0221  8.692720
0.02212  8.582740
0.02214  8.524340
0.02216  8.416500
0.02218  8.466400
0.0222  8.359300
0.02222  8.249740
0.02224  8.141660
0.02226  8.197400
0.02228  8.141660
0.0223  8.141660
0.02232  7.983980
0.02234  8.038620
0.02236  8.038620
0.02238  8.038620
0.0224  7.933320
0.02242  7.933320
0.02244  7.829340
0.02246  7.829340
0.02248  7.879340
0.0225  7.776120
0.02252  7.776120
0.02254  7.879340
0.02256  7.829340
0.02258  7.829340
0.0226  7.829340
0.02262  7.776120
0.02264  7.776120
0.02266  7.776120
0.02268  7.730240
0.0227  7.829340
0.02272  7.776120
0.02274  7.829340
0.02276  7.776120
0.02278  7.776120
0.0228  7.730240
0.02282  7.776120
0.02284  7.677700
0.02286  7.677700
0.02288  7.829340
0.0229  7.677700
0.02292  7.776120
0.02294  7.730240
0.02296  7.776120
0.02298  7.829340
0.023  7.730240
0.02302  7.72248017143
0.02304  7.71472034286
0.02306  7.70696051429
0.02308  7.69920068571
0.0231  7.69144085714
0.02312  7.68368102857
0.02314  7.6759212
0.02316  7.66816137143
0.02318  7.66040154286
0.0232  7.65264171429
0.02322  7.64488188571
0.02324  7.63712205714
0.02326  7.62936222857
0.02328  7.6216024
0.0233  7.61384257143
0.02332  7.60608274286
0.02334  7.59832291429
0.02336  7.59056308571
0.02338  7.58280325714
0.0234  7.57504342857
0.02342  7.5672836
0.02344  7.55952377143
0.02346  7.55176394286
0.02348  7.54400411429
0.0235  7.53624428571
0.02352  7.52848445714
0.02354  7.52072462857
0.02356  7.5129648
0.02358  7.50520497143
0.0236  7.49744514286
0.02362  7.48968531429
0.02364  7.48192548571
0.02366  7.47416565714
0.02368  7.46640582857
0.0237  7.458646
0.02372  7.45088617143
0.02374  7.44312634286
0.02376  7.43536651429
0.02378  7.42760668571
0.0238  7.41984685714
0.02382  7.41208702857
0.02384  7.4043272
0.02386  7.39656737143
0.02388  7.38880754286
0.0239  7.38104771429
0.02392  7.37328788571
0.02394  7.36552805714
0.02396  7.35776822857
0.02398  7.3500084
0.024  7.34224857143
0.02402  7.33448874286
0.02404  7.32672891429
0.02406  7.31896908571
0.02408  7.31120925714
0.0241  7.30344942857
0.02412  7.2956896
0.02414  7.28792977143
0.02416  7.28016994286
0.02418  7.27241011429
0.0242  7.26465028571
0.02422  7.25689045714
0.02424  7.24913062857
0.02426  7.2413708
0.02428  7.23361097143
0.0243  7.22585114286
0.02432  7.21809131429
0.02434  7.21033148571
0.02436  7.20257165714
0.02438  7.19481182857
0.0244  7.187052
0.02442  7.17929217143
0.02444  7.17153234286
0.02446  7.16377251429
0.02448  7.15601268571
0.0245  7.14825285714
0.02452  7.14049302857
0.02454  7.1327332
0.02456  7.12497337143
0.02458  7.11721354286
0.0246  7.10945371429
0.02462  7.10169388571
0.02464  7.09393405714
0.02466  7.08617422857
0.02468  7.0784144
0.0247  7.07065457143
0.02472  7.06289474286
0.02474  7.05513491429
0.02476  7.04737508571
0.02478  7.03961525714
0.0248  7.03185542857
0.02482  7.0240956
0.02484  7.01633577143
0.02486  7.00857594286
0.02488  7.00081611429
0.0249  6.99305628571
0.02492  6.98529645714
0.02494  6.97753662857
0.02496  6.9697768
0.02498  6.96201697143
0.025  6.95425714286
0.02502  6.94649731429
0.02504  6.93873748571
0.02506  6.93097765714
0.02508  6.92321782857
0.0251  6.915458
0.02512  6.90769817143
0.02514  6.89993834286
0.02516  6.89217851429
0.02518  6.88441868571
0.0252  6.87665885714
0.02522  6.86889902857
0.02524  6.8611392
0.02526  6.85337937143
0.02528  6.84561954286
0.0253  6.83785971429
0.02532  6.83009988571
0.02534  6.82234005714
0.02536  6.81458022857
0.02538  6.8068204
0.0254  6.79906057143
0.02542  6.79130074286
0.02544  6.78354091429
0.02546  6.77578108571
0.02548  6.76802125714
0.0255  6.76026142857
0.02552  6.7525016
0.02554  6.74474177143
0.02556  6.73698194286
0.02558  6.72922211429
0.0256  6.72146228571
0.02562  6.71370245714
0.02564  6.70594262857
0.02566  6.6981828
0.02568  6.69042297143
0.0257  6.68266314286
0.02572  6.67490331429
0.02574  6.66714348571
0.02576  6.65938365714
0.02578  6.65162382857
0.0258  6.643864
0.02582  6.63610417143
0.02584  6.62834434286
0.02586  6.62058451429
0.02588  6.61282468571
0.0259  6.60506485714
0.02592  6.59730502857
0.02594  6.5895452
0.02596  6.58178537143
0.02598  6.57402554286
0.026  6.56626571429
0.02602  6.55850588571
0.02604  6.55074605714
0.02606  6.54298622857
0.02608  6.5352264
0.0261  6.52746657143
0.02612  6.51970674286
0.02614  6.51194691429
0.02616  6.50418708571
0.02618  6.49642725714
0.0262  6.48866742857
0.02622  6.4809076
0.02624  6.47314777143
0.02626  6.46538794286
0.02628  6.45762811429
0.0263  6.44986828571
0.02632  6.44210845714
0.02634  6.43434862857
0.02636  6.4265888
0.02638  6.41882897143
0.0264  6.41106914286
0.02642  6.40330931429
0.02644  6.39554948571
0.02646  6.38778965714
0.02648  6.38002982857
0.0265  6.37227
0.02652  6.36451017143
0.02654  6.35675034286
0.02656  6.34899051429
0.02658  6.34123068571
0.0266  6.33347085714
0.02662  6.32571102857
0.02664  6.3179512
0.02666  6.31019137143
0.02668  6.30243154286
0.0267  6.29467171429
0.02672  6.28691188571
0.02674  6.27915205714
0.02676  6.27139222857
0.02678  6.2636324
0.0268  6.25587257143
0.02682  6.24811274286
0.02684  6.24035291429
0.02686  6.23259308571
0.02688  6.22483325714
0.0269  6.21707342857
0.02692  6.2093136
0.02694  6.20155377143
0.02696  6.19379394286
0.02698  6.18603411429
0.027  6.17827428571
0.02702  6.17051445714
0.02704  6.16275462857
0.02706  6.1549948
0.02708  6.14723497143
0.0271  6.13947514286
0.02712  6.13171531429
0.02714  6.12395548571
0.02716  6.11619565714
0.02718  6.10843582857
0.0272  6.100676
0.02722  6.09291617143
0.02724  6.08515634286
0.02726  6.07739651429
0.02728  6.06963668571
0.0273  6.06187685714
0.02732  6.05411702857
0.02734  6.0463572
0.02736  6.03859737143
0.02738  6.03083754286
0.0274  6.02307771429
0.02742  6.01531788571
0.02744  6.00755805714
0.02746  5.99979822857
0.02748  5.9920384
0.0275  5.98427857143
0.02752  5.97651874286
0.02754  5.96875891429
0.02756  5.96099908571
0.02758  5.95323925714
0.0276  5.94547942857
0.02762  5.9377196
0.02764  5.92995977143
0.02766  5.92219994286
0.02768  5.91444011429
0.0277  5.90668028571
0.02772  5.89892045714
0.02774  5.89116062857
0.02776  5.8834008
0.02778  5.87564097143
0.0278  5.86788114286
0.02782  5.86012131429
0.02784  5.85236148571
0.02786  5.84460165714
0.02788  5.83684182857
0.0279  5.829082
0.02792  5.82132217143
0.02794  5.81356234286
0.02796  5.80580251429
0.02798  5.79804268571
0.028  5.79028285714
0.02802  5.78252302857
0.02804  5.7747632
0.02806  5.76700337143
0.02808  5.75924354286
0.0281  5.75148371429
0.02812  5.74372388571
0.02814  5.73596405714
0.02816  5.72820422857
0.02818  5.7204444
0.0282  5.71268457143
0.02822  5.70492474286
0.02824  5.69716491429
0.02826  5.68940508571
0.02828  5.68164525714
0.0283  5.67388542857
0.02832  5.6661256
0.02834  5.65836577143
0.02836  5.65060594286
0.02838  5.64284611429
0.0284  5.63508628571
0.02842  5.62732645714
0.02844  5.61956662857
0.02846  5.6118068
0.02848  5.60404697143
0.0285  5.59628714286
0.02852  5.58852731429
0.02854  5.58076748571
0.02856  5.57300765714
0.02858  5.56524782857
0.0286  5.557488
0.02862  5.54972817143
0.02864  5.54196834286
0.02866  5.53420851429
0.02868  5.52644868571
0.0287  5.51868885714
0.02872  5.51092902857
0.02874  5.5031692
0.02876  5.49540937143
0.02878  5.48764954286
0.0288  5.47988971429
0.02882  5.47212988571
0.02884  5.46437005714
0.02886  5.45661022857
0.02888  5.4488504
0.0289  5.44109057143
0.02892  5.43333074286
0.02894  5.42557091429
0.02896  5.41781108571
0.02898  5.41005125714
0.029  5.40229142857
0.02902  5.3945316
0.02904  5.38677177143
0.02906  5.37901194286
0.02908  5.37125211429
0.0291  5.36349228571
0.02912  5.35573245714
0.02914  5.34797262857
0.02916  5.3402128
0.02918  5.33245297143
0.0292  5.32469314286
0.02922  5.31693331429
0.02924  5.30917348571
0.02926  5.30141365714
0.02928  5.29365382857
0.0293  5.285894
0.02932  5.27813417143
0.02934  5.27037434286
0.02936  5.26261451429
0.02938  5.25485468571
0.0294  5.24709485714
0.02942  5.23933502857
0.02944  5.2315752
0.02946  5.22381537143
0.02948  5.21605554286
0.0295  5.20829571429
0.02952  5.20053588571
0.02954  5.19277605714
0.02956  5.18501622857
0.02958  5.1772564
0.0296  5.16949657143
0.02962  5.16173674286
0.02964  5.15397691429
0.02966  5.14621708571
0.02968  5.13845725714
0.0297  5.13069742857
0.02972  5.1229376
0.02974  5.11517777143
0.02976  5.10741794286
0.02978  5.09965811429
0.0298  5.09189828571
0.02982  5.08413845714
0.02984  5.07637862857
0.02986  5.0686188
0.02988  5.06085897143
0.0299  5.05309914286
0.02992  5.04533931429
0.02994  5.03757948571
0.02996  5.02981965714
0.02998  5.02205982857
0.03  10.446180
0.03002  12.496340
0.03004  14.955680
0.03006  17.890760
0.03008  21.392200
0.0301  25.602400
0.03012  30.627000
0.03014  36.638000
0.03016  43.828600
0.03018  52.454200
0.0302  62.748800
0.03022  75.064000
0.03024  89.796000
0.03026  107.468200
0.03028  128.501400
0.0303  153.721200
0.03032  183.974200
0.03034  219.980000
0.03036  263.274000
0.03038  314.944000
0.0304  376.754000
0.03042  450.696000
0.03044  539.148000
0.03046  644.668000
0.03048  771.190000
0.0305  922.544000
0.03052  1104.104000
0.03054  1319.592000
0.03056  1578.576000
0.03058  1889.246000
0.0306  2260.020000
0.03062  2704.820000
0.03064  3235.660000
0.03066  3640.180000
0.03068  4017.780000
0.0307  4346.680000
0.03072  4580.080000
0.03074  4670.540000
0.03076  4762.780000
0.03078  4702.500000
0.0308  4551.020000
0.03082  4317.140000
0.03084  3963.320000
0.03086  3640.180000
0.03088  3191.800000
0.0309  2782.180000
0.03092  2393.340000
0.03094  2018.040000
0.03096  1690.794000
0.03098  1398.064000
0.031  1133.618000
0.03102  936.920000
0.03104  764.902000
0.03106  616.284000
0.03108  503.134000
0.0311  413.384000
0.03112  341.656000
0.03114  282.504000
0.03116  233.592000
0.03118  195.624200
0.0312  161.901600
0.03122  137.386000
0.03124  115.843000
0.03126  100.930200
0.03128  85.725200
0.0313  74.689600
0.03132  64.661200
0.03134  57.085000
0.03136  49.735800
0.03138  44.471200
0.0314  39.818000
0.03142  35.587000
0.03144  32.271600
0.03146  29.053200
0.03148  26.672200
0.0315  24.665200
0.03152  22.788400
0.03154  21.208200
0.03156  19.863800
0.03158  18.851560
0.0316  17.528400
0.03162  16.741400
0.03164  15.787460
0.03166  14.982840
0.03168  14.408160
0.0317  13.667720
0.03172  13.311880
0.03174  12.801220
0.03176  12.388820
0.03178  11.908140
0.0318  11.451320
0.03182  11.082420
0.03184  10.798820
0.03186  10.652500
0.03188  10.379820
0.0319  10.109600
0.03192  9.909340
0.03194  9.717420
0.03196  9.529200
0.03198  9.344640
0.032  9.163640
0.03202  9.163640
0.03204  9.047720
0.03206  8.986220
0.03208  8.692720
0.0321  8.692720
0.03212  8.582740
0.03214  8.524340
0.03216  8.416500
0.03218  8.466400
0.0322  8.359300
0.03222  8.249740
0.03224  8.141660
0.03226  8.197400
0.03228  8.141660
0.0323  8.141660
0.03232  7.983980
0.03234  8.038620
0.03236  8.038620
0.03238  8.038620
0.0324  7.933320
0.03242  7.933320
0.03244  7.829340
0.03246  7.829340
0.03248  7.879340
0.0325  7.776120
0.03252  7.776120
0.03254  7.879340
0.03256  7.829340
0.03258  7.829340
0.0326  7.829340
0.03262  7.776120
0.03264  7.776120
0.03266  7.776120
0.03268  7.730240
0.0327  7.829340
0.03272  7.776120
0.03274  7.829340
0.03276  7.776120
0.03278  7.776120
0.0328  7.730240
0.03282  7.776120
0.03284  7.677700
0.03286  7.677700
0.03288  7.829340
0.0329  7.677700
0.03292  7.776120
0.03294  7.730240
0.03296  7.776120
0.03298  7.829340
0.033  7.730240
0.03302  7.72248017143
0.03304  7.71472034286
0.03306  7.70696051429
0.03308  7.69920068571
0.0331  7.69144085714
0.03312  7.68368102857
0.03314  7.6759212
0.03316  7.66816137143
0.03318  7.66040154286
0.0332  7.65264171429
0.03322  7.64488188571
0.03324  7.63712205714
0.03326  7.62936222857
0.03328  7.6216024
0.0333  7.61384257143
0.03332  7.60608274286
0.03334  7.59832291429
0.03336  7.59056308571
0.03338  7.58280325714
0.0334  7.57504342857
0.03342  7.5672836
0.03344  7.55952377143
0.03346  7.55176394286
0.03348  7.54400411429
0.0335  7.53624428571
0.03352  7.52848445714
0.03354  7.52072462857
0.03356  7.5129648
0.03358  7.50520497143
0.0336  7.49744514286
0.03362  7.48968531429
0.03364  7.48192548571
0.03366  7.47416565714
0.03368  7.46640582857
0.0337  7.458646
0.03372  7.45088617143
0.03374  7.44312634286
0.03376  7.43536651429
0.03378  7.42760668571
0.0338  7.41984685714
0.03382  7.41208702857
0.03384  7.4043272
0.03386  7.39656737143
0.03388  7.38880754286
0.0339  7.38104771429
0.03392  7.37328788571
0.03394  7.36552805714
0.03396  7.35776822857
0.03398  7.3500084
0.034  7.34224857143
0.03402  7.33448874286
0.03404  7.32672891429
0.03406  7.31896908571
0.03408  7.31120925714
0.0341  7.30344942857
0.03412  7.2956896
0.03414  7.28792977143
0.03416  7.28016994286
0.03418  7.27241011429
0.0342  7.26465028571
0.03422  7.25689045714
0.03424  7.24913062857
0.03426  7.2413708
0.03428  7.23361097143
0.0343  7.22585114286
0.03432  7.21809131429
0.03434  7.21033148571
0.03436  7.20257165714
0.03438  7.19481182857
0.0344  7.187052
0.03442  7.17929217143
0.03444  7.17153234286
0.03446  7.16377251429
0.03448  7.15601268571
0.0345  7.14825285714
0.03452  7.14049302857
0.03454  7.1327332
0.03456  7.12497337143
0.03458  7.11721354286
0.0346  7.10945371429
0.03462  7.10169388571
0.03464  7.09393405714
0.03466  7.08617422857
0.03468  7.0784144
0.0347  7.07065457143
0.03472  7.06289474286
0.03474  7.05513491429
0.03476  7.04737508571
0.03478  7.03961525714
0.0348  7.03185542857
0.03482  7.0240956
0.03484  7.01633577143
0.03486  7.00857594286
0.03488  7.00081611429
0.0349  6.99305628571
0.03492  6.98529645714
0.03494  6.97753662857
0.03496  6.9697768
0.03498  6.96201697143
0.035  6.95425714286
0.03502  6.94649731429
0.03504  6.93873748571
0.03506  6.93097765714
0.03508  6.92321782857
0.0351  6.915458
0.03512  6.90769817143
0.03514  6.89993834286
0.03516  6.89217851429
0.03518  6.88441868571
0.0352  6.87665885714
0.03522  6.86889902857
0.03524  6.8611392
0.03526  6.85337937143
0.03528  6.84561954286
0.0353  6.83785971429
0.03532  6.83009988571
0.03534  6.82234005714
0.03536  6.81458022857
0.03538  6.8068204
0.0354  6.79906057143
0.03542  6.79130074286
0.03544  6.78354091429
0.03546  6.77578108571
0.03548  6.76802125714
0.0355  6.76026142857
0.03552  6.7525016
0.03554  6.74474177143
0.03556  6.73698194286
0.03558  6.72922211429
0.0356  6.72146228571
0.03562  6.71370245714
0.03564  6.70594262857
0.03566  6.6981828
0.03568  6.69042297143
0.0357  6.68266314286
0.03572  6.67490331429
0.03574  6.66714348571
0.03576  6.65938365714
0.03578  6.65162382857
0.0358  6.643864
0.03582  6.63610417143
0.03584  6.62834434286
0.03586  6.62058451429
0.03588  6.61282468571
0.0359  6.60506485714
0.03592  6.59730502857
0.03594  6.5895452
0.03596  6.58178537143
0.03598  6.57402554286
0.036  6.56626571429
0.03602  6.55850588571
0.03604  6.55074605714
0.03606  6.54298622857
0.03608  6.5352264
0.0361  6.52746657143
0.03612  6.51970674286
0.03614  6.51194691429
0.03616  6.50418708571
0.03618  6.49642725714
0.0362  6.48866742857
0.03622  6.4809076
0.03624  6.47314777143
0.03626  6.46538794286
0.03628  6.45762811429
0.0363  6.44986828571
0.03632  6.44210845714
0.03634  6.43434862857
0.03636  6.4265888
0.03638  6.41882897143
0.0364  6.41106914286
0.03642  6.40330931429
0.03644  6.39554948571
0.03646  6.38778965714
0.03648  6.38002982857
0.0365  6.37227
0.03652  6.36451017143
0.03654  6.35675034286
0.03656  6.34899051429
0.03658  6.34123068571
0.0366  6.33347085714
0.03662  6.32571102857
0.03664  6.3179512
0.03666  6.31019137143
0.03668  6.30243154286
0.0367  6.29467171429
0.03672  6.28691188571
0.03674  6.27915205714
0.03676  6.27139222857
0.03678  6.2636324
0.0368  6.25587257143
0.03682  6.24811274286
0.03684  6.24035291429
0.03686  6.23259308571
0.03688  6.22483325714
0.0369  6.21707342857
0.03692  6.2093136
0.03694  6.20155377143
0.03696  6.19379394286
0.03698  6.18603411429
0.037  6.17827428571
0.03702  6.17051445714
0.03704  6.16275462857
0.03706  6.1549948
0.03708  6.14723497143
0.0371  6.13947514286
0.03712  6.13171531429
0.03714  6.12395548571
0.03716  6.11619565714
0.03718  6.10843582857
0.0372  6.100676
0.03722  6.09291617143
0.03724  6.08515634286
0.03726  6.07739651429
0.03728  6.06963668571
0.0373  6.06187685714
0.03732  6.05411702857
0.03734  6.0463572
0.03736  6.03859737143
0.03738  6.03083754286
0.0374  6.02307771429
0.03742  6.01531788571
0.03744  6.00755805714
0.03746  5.99979822857
0.03748  5.9920384
0.0375  5.98427857143
0.03752  5.97651874286
0.03754  5.96875891429
0.03756  5.96099908571
0.03758  5.95323925714
0.0376  5.94547942857
0.03762  5.9377196
0.03764  5.92995977143
0.03766  5.92219994286
0.03768  5.91444011429
0.0377  5.90668028571
0.03772  5.89892045714
0.03774  5.89116062857
0.03776  5.8834008
0.03778  5.87564097143
0.0378  5.86788114286
0.03782  5.86012131429
0.03784  5.85236148571
0.03786  5.84460165714
0.03788  5.83684182857
0.0379  5.829082
0.03792  5.82132217143
0.03794  5.81356234286
0.03796  5.80580251429
0.03798  5.79804268571
0.038  5.79028285714
0.03802  5.78252302857
0.03804  5.7747632
0.03806  5.76700337143
0.03808  5.75924354286
0.0381  5.75148371429
0.03812  5.74372388571
0.03814  5.73596405714
0.03816  5.72820422857
0.03818  5.7204444
0.0382  5.71268457143
0.03822  5.70492474286
0.03824  5.69716491429
0.03826  5.68940508571
0.03828  5.68164525714
0.0383  5.67388542857
0.03832  5.6661256
0.03834  5.65836577143
0.03836  5.65060594286
0.03838  5.64284611429
0.0384  5.63508628571
0.03842  5.62732645714
0.03844  5.61956662857
0.03846  5.6118068
0.03848  5.60404697143
0.0385  5.59628714286
0.03852  5.58852731429
0.03854  5.58076748571
0.03856  5.57300765714
0.03858  5.56524782857
0.0386  5.557488
0.03862  5.54972817143
0.03864  5.54196834286
0.03866  5.53420851429
0.03868  5.52644868571
0.0387  5.51868885714
0.03872  5.51092902857
0.03874  5.5031692
0.03876  5.49540937143
0.03878  5.48764954286
0.0388  5.47988971429
0.03882  5.47212988571
0.03884  5.46437005714
0.03886  5.45661022857
0.03888  5.4488504
0.0389  5.44109057143
0.03892  5.43333074286
0.03894  5.42557091429
0.03896  5.41781108571
0.03898  5.41005125714
0.039  5.40229142857
0.03902  5.3945316
0.03904  5.38677177143
0.03906  5.37901194286
0.03908  5.37125211429
0.0391  5.36349228571
0.03912  5.35573245714
0.03914  5.34797262857
0.03916  5.3402128
0.03918  5.33245297143
0.0392  5.32469314286
0.03922  5.31693331429
0.03924  5.30917348571
0.03926  5.30141365714
0.03928  5.29365382857
0.0393  5.285894
0.03932  5.27813417143
0.03934  5.27037434286
0.03936  5.26261451429
0.03938  5.25485468571
0.0394  5.24709485714
0.03942  5.23933502857
0.03944  5.2315752
0.03946  5.22381537143
0.03948  5.21605554286
0.0395  5.20829571429
0.03952  5.20053588571
0.03954  5.19277605714
0.03956  5.18501622857
0.03958  5.1772564
0.0396  5.16949657143
0.03962  5.16173674286
0.03964  5.15397691429
0.03966  5.14621708571
0.03968  5.13845725714
0.0397  5.13069742857
0.03972  5.1229376
0.03974  5.11517777143
0.03976  5.10741794286
0.03978  5.09965811429
0.0398  5.09189828571
0.03982  5.08413845714
0.03984  5.07637862857
0.03986  5.0686188
0.03988  5.06085897143
0.0399  5.05309914286
0.03992  5.04533931429
0.03994  5.03757948571
0.03996  5.02981965714
0.03998  5.02205982857
0.04  10.446180
0.04002  12.496340
0.04004  14.955680
0.04006  17.890760
0.04008  21.392200
0.0401  25.602400
0.04012  30.627000
0.04014  36.638000
0.04016  43.828600
0.04018  52.454200
0.0402  62.748800
0.04022  75.064000
0.04024  89.796000
0.04026  107.468200
0.04028  128.501400
0.0403  153.721200
0.04032  183.974200
0.04034  219.980000
0.04036  263.274000
0.04038  314.944000
0.0404  376.754000
0.04042  450.696000
0.04044  539.148000
0.04046  644.668000
0.04048  771.190000
0.0405  922.544000
0.04052  1104.104000
0.04054  1319.592000
0.04056  1578.576000
0.04058  1889.246000
0.0406  2260.020000
0.04062  2704.820000
0.04064  3235.660000
0.04066  3640.180000
0.04068  4017.780000
0.0407  4346.680000
0.04072  4580.080000
0.04074  4670.540000
0.04076  4762.780000
0.04078  4702.500000
0.0408  4551.020000
0.04082  4317.140000
0.04084  3963.320000
0.04086  3640.180000
0.04088  3191.800000
0.0409  2782.180000
0.04092  2393.340000
0.04094  2018.040000
0.04096  1690.794000
0.04098  1398.064000
0.041  1133.618000
0.04102  936.920000
0.04104  764.902000
0.04106  616.284000
0.04108  503.134000
0.0411  413.384000
0.04112  341.656000
0.04114  282.504000
0.04116  233.592000
0.04118  195.624200
0.0412  161.901600
0.04122  137.386000
0.04124  115.843000
0.04126  100.930200
0.04128  85.725200
0.0413  74.689600
0.04132  64.661200
0.04134  57.085000
0.04136  49.735800
0.04138  44.471200
0.0414  39.818000
0.04142  35.587000
0.04144  32.271600
0.04146  29.053200
0.04148  26.672200
0.0415  24.665200
0.04152  22.788400
0.04154  21.208200
0.04156  19.863800
0.04158  18.851560
0.0416  17.528400
0.04162  16.741400
0.04164  15.787460
0.04166  14.982840
0.04168  14.408160
0.0417  13.667720
0.04172  13.311880
0.04174  12.801220
0.04176  12.388820
0.04178  11.908140
0.0418  11.451320
0.04182  11.082420
0.04184  10.798820
0.04186  10.652500
0.04188  10.379820
0.0419  10.109600
0.04192  9.909340
0.04194  9.717420
0.04196  9.529200
0.04198  9.344640
0.042  9.163640
0.04202  9.163640
0.04204  9.047720
0.04206  8.986220
0.04208  8.692720
0.0421  8.692720
0.04212  8.582740
0.04214  8.524340
0.04216  8.416500
0.04218  8.466400
0.0422  8.359300
0.04222  8.249740
0.04224  8.141660
0.04226  8.197400
0.04228  8.141660
0.0423  8.141660
0.04232  7.983980
0.04234  8.038620
0.04236  8.038620
0.04238  8.038620
0.0424  7.933320
0.04242  7.933320
0.04244  7.829340
0.04246  7.829340
0.04248  7.879340
0.0425  7.776120
0.04252  7.776120
0.04254  7.879340
0.04256  7.829340
0.04258  7.829340
0.0426  7.829340
0.04262  7.776120
0.04264  7.776120
0.04266  7.776120
0.04268  7.730240
0.0427  7.829340
0.04272  7.776120
0.04274  7.829340
0.04276  7.776120
0.04278  7.776120
0.0428  7.730240
0.04282  7.776120
0.04284  7.677700
0.04286  7.677700
0.04288  7.829340
0.0429  7.677700
0.04292  7.776120
0.04294  7.730240
0.04296  7.776120
0.04298  7.829340
0.043  7.730240
