0.00000  1390.6
0.00002  1349.77
0.00004  1304.97
0.00006  1256.44
0.00008  1204.36
0.00010  1148.55
0.00012  1089.8
0.00014  1028.44
0.00016  965.083
0.00018  900.225
0.00020  834.94
0.00022  769.833
0.00024  705.662
0.00026  642.985
0.00028  582.912
0.00030  525.519
0.00032  471.259
0.00034  420.843
0.00036  373.949
0.00038  331.034
0.00040  291.959
0.00042  256.632
0.00044  224.897
0.00046  196.619
0.00048  171.424
0.00050  149.136
0.00052  129.455
0.00054  112.305
0.00056  97.2155
0.00058  84.0146
0.00060  72.5522
0.00062  62.5696
0.00064  53.9354
0.00066  48.8997
0.00068  45.0345
0.00070  42.1675
0.00072  40.361
0.00074  39.705
0.00076  39.0595
0.00078  39.4788
0.00080  40.5768
0.00082  42.4089
0.00084  45.5507
0.00086  48.8997
0.00088  54.5503
0.00090  61.1277
0.00092  69.2127
0.00094  79.609
0.00096  91.9536
0.00098  107.217
0.00100  126.774
0.00102  147.341
0.00104  172.509
0.00106  203.437
0.00108  236.726
0.00110  273.209
0.00112  312.81
0.00114  356.605
0.00116  404.745
0.00118  453.527
0.00120  509.507
0.00122  561.143
0.00124  617.454
0.00126  664.651
0.00128  722.145
0.00130  771.641
0.00132  824
0.00134  869.431
0.00136  919.532
0.00138  959.867
0.00140  999.225
0.00142  1038.56
0.00144  1072.14
0.00146  1107.39
0.00148  1135.39
0.00150  1160.4
0.00152  1185.1
0.00154  1206.96
0.00156  1226.39
0.00158  1241.57
0.00160  1262.17
0.00162  1274.86
0.00164  1290.71
0.00166  1304.49
0.00168  1314.59
0.00170  1327.91
0.00172  1334.45
0.00174  1343.98
0.00176  1351.83
0.00178  1361.13
0.00180  1370.15
0.00182  1377.55
0.00184  1383.32
0.00186  1386.33
0.00188  1391.98
0.00190  1397.65
0.00192  1401.89
0.00194  1405.99
0.00196  1410.05
0.00198  1414.07
0.00200  1418.03
0.00202  1418.03
0.00204  1420.59
0.00206  1421.96
0.00208  1428.52
0.00210  1428.52
0.00212  1431
0.00214  1432.33
0.00216  1434.78
0.00218  1433.64
0.00220  1436.09
0.00222  1438.6
0.00224  1441.1
0.00226  1439.81
0.00228  1441.1
0.00230  1441.1
0.00232  1444.76
0.00234  1443.48
0.00236  1443.48
0.00238  1443.48
0.00240  1445.94
0.00242  1445.94
0.00244  1448.38
0.00246  1448.38
0.00248  1447.2
0.00250  1449.63
0.00252  1449.63
0.00254  1447.2
0.00256  1448.38
0.00258  1448.38
0.00260  1448.38
0.00262  1449.63
0.00264  1449.63
0.00266  1449.63
0.00268  1450.71
0.00270  1448.38
0.00272  1449.63
0.00274  1448.38
0.00276  1449.63
0.00278  1449.63
0.00280  1450.71
0.00282  1449.63
0.00284  1451.95
0.00286  1451.95
0.00288  1448.38
0.00290  1451.95
0.00292  1449.63
0.00294  1450.71
0.00296  1449.63
0.00298  1448.38
0.00300  1450.71
0.00302  1450.53825714
0.00304  1450.36651429
0.00306  1450.19477143
0.00308  1450.02302857
0.0031  1449.85128571
0.00312  1449.67954286
0.00314  1449.5078
0.00316  1449.33605714
0.00318  1449.16431429
0.0032  1448.99257143
0.00322  1448.82082857
0.00324  1448.64908571
0.00326  1448.47734286
0.00328  1448.3056
0.0033  1448.13385714
0.00332  1447.96211429
0.00334  1447.79037143
0.00336  1447.61862857
0.00338  1447.44688571
0.0034  1447.27514286
0.00342  1447.1034
0.00344  1446.93165714
0.00346  1446.75991429
0.00348  1446.58817143
0.0035  1446.41642857
0.00352  1446.24468571
0.00354  1446.07294286
0.00356  1445.9012
0.00358  1445.72945714
0.0036  1445.55771429
0.00362  1445.38597143
0.00364  1445.21422857
0.00366  1445.04248571
0.00368  1444.87074286
0.0037  1444.699
0.00372  1444.52725714
0.00374  1444.35551429
0.00376  1444.18377143
0.00378  1444.01202857
0.0038  1443.84028571
0.00382  1443.66854286
0.00384  1443.4968
0.00386  1443.32505714
0.00388  1443.15331429
0.0039  1442.98157143
0.00392  1442.80982857
0.00394  1442.63808571
0.00396  1442.46634286
0.00398  1442.2946
0.004  1442.12285714
0.00402  1441.95111429
0.00404  1441.77937143
0.00406  1441.60762857
0.00408  1441.43588571
0.0041  1441.26414286
0.00412  1441.0924
0.00414  1440.92065714
0.00416  1440.74891429
0.00418  1440.57717143
0.0042  1440.40542857
0.00422  1440.23368571
0.00424  1440.06194286
0.00426  1439.8902
0.00428  1439.71845714
0.0043  1439.54671429
0.00432  1439.37497143
0.00434  1439.20322857
0.00436  1439.03148571
0.00438  1438.85974286
0.0044  1438.688
0.00442  1438.51625714
0.00444  1438.34451429
0.00446  1438.17277143
0.00448  1438.00102857
0.0045  1437.82928571
0.00452  1437.65754286
0.00454  1437.4858
0.00456  1437.31405714
0.00458  1437.14231429
0.0046  1436.97057143
0.00462  1436.79882857
0.00464  1436.62708571
0.00466  1436.45534286
0.00468  1436.2836
0.0047  1436.11185714
0.00472  1435.94011429
0.00474  1435.76837143
0.00476  1435.59662857
0.00478  1435.42488571
0.0048  1435.25314286
0.00482  1435.0814
0.00484  1434.90965714
0.00486  1434.73791429
0.00488  1434.56617143
0.0049  1434.39442857
0.00492  1434.22268571
0.00494  1434.05094286
0.00496  1433.8792
0.00498  1433.70745714
0.005  1433.53571429
0.00502  1433.36397143
0.00504  1433.19222857
0.00506  1433.02048571
0.00508  1432.84874286
0.0051  1432.677
0.00512  1432.50525714
0.00514  1432.33351429
0.00516  1432.16177143
0.00518  1431.99002857
0.0052  1431.81828571
0.00522  1431.64654286
0.00524  1431.4748
0.00526  1431.30305714
0.00528  1431.13131429
0.0053  1430.95957143
0.00532  1430.78782857
0.00534  1430.61608571
0.00536  1430.44434286
0.00538  1430.2726
0.0054  1430.10085714
0.00542  1429.92911429
0.00544  1429.75737143
0.00546  1429.58562857
0.00548  1429.41388571
0.0055  1429.24214286
0.00552  1429.0704
0.00554  1428.89865714
0.00556  1428.72691429
0.00558  1428.55517143
0.0056  1428.38342857
0.00562  1428.21168571
0.00564  1428.03994286
0.00566  1427.8682
0.00568  1427.69645714
0.0057  1427.52471429
0.00572  1427.35297143
0.00574  1427.18122857
0.00576  1427.00948571
0.00578  1426.83774286
0.0058  1426.666
0.00582  1426.49425714
0.00584  1426.32251429
0.00586  1426.15077143
0.00588  1425.97902857
0.0059  1425.80728571
0.00592  1425.63554286
0.00594  1425.4638
0.00596  1425.29205714
0.00598  1425.12031429
0.006  1424.94857143
0.00602  1424.77682857
0.00604  1424.60508571
0.00606  1424.43334286
0.00608  1424.2616
0.0061  1424.08985714
0.00612  1423.91811429
0.00614  1423.74637143
0.00616  1423.57462857
0.00618  1423.40288571
0.0062  1423.23114286
0.00622  1423.0594
0.00624  1422.88765714
0.00626  1422.71591429
0.00628  1422.54417143
0.0063  1422.37242857
0.00632  1422.20068571
0.00634  1422.02894286
0.00636  1421.8572
0.00638  1421.68545714
0.0064  1421.51371429
0.00642  1421.34197143
0.00644  1421.17022857
0.00646  1420.99848571
0.00648  1420.82674286
0.0065  1420.655
0.00652  1420.48325714
0.00654  1420.31151429
0.00656  1420.13977143
0.00658  1419.96802857
0.0066  1419.79628571
0.00662  1419.62454286
0.00664  1419.4528
0.00666  1419.28105714
0.00668  1419.10931429
0.0067  1418.93757143
0.00672  1418.76582857
0.00674  1418.59408571
0.00676  1418.42234286
0.00678  1418.2506
0.0068  1418.07885714
0.00682  1417.90711429
0.00684  1417.73537143
0.00686  1417.56362857
0.00688  1417.39188571
0.0069  1417.22014286
0.00692  1417.0484
0.00694  1416.87665714
0.00696  1416.70491429
0.00698  1416.53317143
0.007  1416.36142857
0.00702  1416.18968571
0.00704  1416.01794286
0.00706  1415.8462
0.00708  1415.67445714
0.0071  1415.50271429
0.00712  1415.33097143
0.00714  1415.15922857
0.00716  1414.98748571
0.00718  1414.81574286
0.0072  1414.644
0.00722  1414.47225714
0.00724  1414.30051429
0.00726  1414.12877143
0.00728  1413.95702857
0.0073  1413.78528571
0.00732  1413.61354286
0.00734  1413.4418
0.00736  1413.27005714
0.00738  1413.09831429
0.0074  1412.92657143
0.00742  1412.75482857
0.00744  1412.58308571
0.00746  1412.41134286
0.00748  1412.2396
0.0075  1412.06785714
0.00752  1411.89611429
0.00754  1411.72437143
0.00756  1411.55262857
0.00758  1411.38088571
0.0076  1411.20914286
0.00762  1411.0374
0.00764  1410.86565714
0.00766  1410.69391429
0.00768  1410.52217143
0.0077  1410.35042857
0.00772  1410.17868571
0.00774  1410.00694286
0.00776  1409.8352
0.00778  1409.66345714
0.0078  1409.49171429
0.00782  1409.31997143
0.00784  1409.14822857
0.00786  1408.97648571
0.00788  1408.80474286
0.0079  1408.633
0.00792  1408.46125714
0.00794  1408.28951429
0.00796  1408.11777143
0.00798  1407.94602857
0.008  1407.77428571
0.00802  1407.60254286
0.00804  1407.4308
0.00806  1407.25905714
0.00808  1407.08731429
0.0081  1406.91557143
0.00812  1406.74382857
0.00814  1406.57208571
0.00816  1406.40034286
0.00818  1406.2286
0.0082  1406.05685714
0.00822  1405.88511429
0.00824  1405.71337143
0.00826  1405.54162857
0.00828  1405.36988571
0.0083  1405.19814286
0.00832  1405.0264
0.00834  1404.85465714
0.00836  1404.68291429
0.00838  1404.51117143
0.0084  1404.33942857
0.00842  1404.16768571
0.00844  1403.99594286
0.00846  1403.8242
0.00848  1403.65245714
0.0085  1403.48071429
0.00852  1403.30897143
0.00854  1403.13722857
0.00856  1402.96548571
0.00858  1402.79374286
0.0086  1402.622
0.00862  1402.45025714
0.00864  1402.27851429
0.00866  1402.10677143
0.00868  1401.93502857
0.0087  1401.76328571
0.00872  1401.59154286
0.00874  1401.4198
0.00876  1401.24805714
0.00878  1401.07631429
0.0088  1400.90457143
0.00882  1400.73282857
0.00884  1400.56108571
0.00886  1400.38934286
0.00888  1400.2176
0.0089  1400.04585714
0.00892  1399.87411429
0.00894  1399.70237143
0.00896  1399.53062857
0.00898  1399.35888571
0.009  1399.18714286
0.00902  1399.0154
0.00904  1398.84365714
0.00906  1398.67191429
0.00908  1398.50017143
0.0091  1398.32842857
0.00912  1398.15668571
0.00914  1397.98494286
0.00916  1397.8132
0.00918  1397.64145714
0.0092  1397.46971429
0.00922  1397.29797143
0.00924  1397.12622857
0.00926  1396.95448571
0.00928  1396.78274286
0.0093  1396.611
0.00932  1396.43925714
0.00934  1396.26751429
0.00936  1396.09577143
0.00938  1395.92402857
0.0094  1395.75228571
0.00942  1395.58054286
0.00944  1395.4088
0.00946  1395.23705714
0.00948  1395.06531429
0.0095  1394.89357143
0.00952  1394.72182857
0.00954  1394.55008571
0.00956  1394.37834286
0.00958  1394.2066
0.0096  1394.03485714
0.00962  1393.86311429
0.00964  1393.69137143
0.00966  1393.51962857
0.00968  1393.34788571
0.0097  1393.17614286
0.00972  1393.0044
0.00974  1392.83265714
0.00976  1392.66091429
0.00978  1392.48917143
0.0098  1392.31742857
0.00982  1392.14568571
0.00984  1391.97394286
0.00986  1391.8022
0.00988  1391.63045714
0.0099  1391.45871429
0.00992  1391.28697143
0.00994  1391.11522857
0.00996  1390.94348571
0.00998  1390.77174286
0.01  1390.6
0.01002  1349.77
0.01004  1304.97
0.01006  1256.44
0.01008  1204.36
0.0101  1148.55
0.01012  1089.8
0.01014  1028.44
0.01016  965.083
0.01018  900.225
0.0102  834.94
0.01022  769.833
0.01024  705.662
0.01026  642.985
0.01028  582.912
0.0103  525.519
0.01032  471.259
0.01034  420.843
0.01036  373.949
0.01038  331.034
0.0104  291.959
0.01042  256.632
0.01044  224.897
0.01046  196.619
0.01048  171.424
0.0105  149.136
0.01052  129.455
0.01054  112.305
0.01056  97.2155
0.01058  84.0146
0.0106  72.5522
0.01062  62.5696
0.01064  53.9354
0.01066  48.8997
0.01068  45.0345
0.0107  42.1675
0.01072  40.361
0.01074  39.705
0.01076  39.0595
0.01078  39.4788
0.0108  40.5768
0.01082  42.4089
0.01084  45.5507
0.01086  48.8997
0.01088  54.5503
0.0109  61.1277
0.01092  69.2127
0.01094  79.609
0.01096  91.9536
0.01098  107.217
0.011  126.774
0.01102  147.341
0.01104  172.509
0.01106  203.437
0.01108  236.726
0.0111  273.209
0.01112  312.81
0.01114  356.605
0.01116  404.745
0.01118  453.527
0.0112  509.507
0.01122  561.143
0.01124  617.454
0.01126  664.651
0.01128  722.145
0.0113  771.641
0.01132  824
0.01134  869.431
0.01136  919.532
0.01138  959.867
0.0114  999.225
0.01142  1038.56
0.01144  1072.14
0.01146  1107.39
0.01148  1135.39
0.0115  1160.4
0.01152  1185.1
0.01154  1206.96
0.01156  1226.39
0.01158  1241.57
0.0116  1262.17
0.01162  1274.86
0.01164  1290.71
0.01166  1304.49
0.01168  1314.59
0.0117  1327.91
0.01172  1334.45
0.01174  1343.98
0.01176  1351.83
0.01178  1361.13
0.0118  1370.15
0.01182  1377.55
0.01184  1383.32
0.01186  1386.33
0.01188  1391.98
0.0119  1397.65
0.01192  1401.89
0.01194  1405.99
0.01196  1410.05
0.01198  1414.07
0.012  1418.03
0.01202  1418.03
0.01204  1420.59
0.01206  1421.96
0.01208  1428.52
0.0121  1428.52
0.01212  1431
0.01214  1432.33
0.01216  1434.78
0.01218  1433.64
0.0122  1436.09
0.01222  1438.6
0.01224  1441.1
0.01226  1439.81
0.01228  1441.1
0.0123  1441.1
0.01232  1444.76
0.01234  1443.48
0.01236  1443.48
0.01238  1443.48
0.0124  1445.94
0.01242  1445.94
0.01244  1448.38
0.01246  1448.38
0.01248  1447.2
0.0125  1449.63
0.01252  1449.63
0.01254  1447.2
0.01256  1448.38
0.01258  1448.38
0.0126  1448.38
0.01262  1449.63
0.01264  1449.63
0.01266  1449.63
0.01268  1450.71
0.0127  1448.38
0.01272  1449.63
0.01274  1448.38
0.01276  1449.63
0.01278  1449.63
0.0128  1450.71
0.01282  1449.63
0.01284  1451.95
0.01286  1451.95
0.01288  1448.38
0.0129  1451.95
0.01292  1449.63
0.01294  1450.71
0.01296  1449.63
0.01298  1448.38
0.013  1450.71
0.01302  1450.53825714
0.01304  1450.36651429
0.01306  1450.19477143
0.01308  1450.02302857
0.0131  1449.85128571
0.01312  1449.67954286
0.01314  1449.5078
0.01316  1449.33605714
0.01318  1449.16431429
0.0132  1448.99257143
0.01322  1448.82082857
0.01324  1448.64908571
0.01326  1448.47734286
0.01328  1448.3056
0.0133  1448.13385714
0.01332  1447.96211429
0.01334  1447.79037143
0.01336  1447.61862857
0.01338  1447.44688571
0.0134  1447.27514286
0.01342  1447.1034
0.01344  1446.93165714
0.01346  1446.75991429
0.01348  1446.58817143
0.0135  1446.41642857
0.01352  1446.24468571
0.01354  1446.07294286
0.01356  1445.9012
0.01358  1445.72945714
0.0136  1445.55771429
0.01362  1445.38597143
0.01364  1445.21422857
0.01366  1445.04248571
0.01368  1444.87074286
0.0137  1444.699
0.01372  1444.52725714
0.01374  1444.35551429
0.01376  1444.18377143
0.01378  1444.01202857
0.0138  1443.84028571
0.01382  1443.66854286
0.01384  1443.4968
0.01386  1443.32505714
0.01388  1443.15331429
0.0139  1442.98157143
0.01392  1442.80982857
0.01394  1442.63808571
0.01396  1442.46634286
0.01398  1442.2946
0.014  1442.12285714
0.01402  1441.95111429
0.01404  1441.77937143
0.01406  1441.60762857
0.01408  1441.43588571
0.0141  1441.26414286
0.01412  1441.0924
0.01414  1440.92065714
0.01416  1440.74891429
0.01418  1440.57717143
0.0142  1440.40542857
0.01422  1440.23368571
0.01424  1440.06194286
0.01426  1439.8902
0.01428  1439.71845714
0.0143  1439.54671429
0.01432  1439.37497143
0.01434  1439.20322857
0.01436  1439.03148571
0.01438  1438.85974286
0.0144  1438.688
0.01442  1438.51625714
0.01444  1438.34451429
0.01446  1438.17277143
0.01448  1438.00102857
0.0145  1437.82928571
0.01452  1437.65754286
0.01454  1437.4858
0.01456  1437.31405714
0.01458  1437.14231429
0.0146  1436.97057143
0.01462  1436.79882857
0.01464  1436.62708571
0.01466  1436.45534286
0.01468  1436.2836
0.0147  1436.11185714
0.01472  1435.94011429
0.01474  1435.76837143
0.01476  1435.59662857
0.01478  1435.42488571
0.0148  1435.25314286
0.01482  1435.0814
0.01484  1434.90965714
0.01486  1434.73791429
0.01488  1434.56617143
0.0149  1434.39442857
0.01492  1434.22268571
0.01494  1434.05094286
0.01496  1433.8792
0.01498  1433.70745714
0.015  1433.53571429
0.01502  1433.36397143
0.01504  1433.19222857
0.01506  1433.02048571
0.01508  1432.84874286
0.0151  1432.677
0.01512  1432.50525714
0.01514  1432.33351429
0.01516  1432.16177143
0.01518  1431.99002857
0.0152  1431.81828571
0.01522  1431.64654286
0.01524  1431.4748
0.01526  1431.30305714
0.01528  1431.13131429
0.0153  1430.95957143
0.01532  1430.78782857
0.01534  1430.61608571
0.01536  1430.44434286
0.01538  1430.2726
0.0154  1430.10085714
0.01542  1429.92911429
0.01544  1429.75737143
0.01546  1429.58562857
0.01548  1429.41388571
0.0155  1429.24214286
0.01552  1429.0704
0.01554  1428.89865714
0.01556  1428.72691429
0.01558  1428.55517143
0.0156  1428.38342857
0.01562  1428.21168571
0.01564  1428.03994286
0.01566  1427.8682
0.01568  1427.69645714
0.0157  1427.52471429
0.01572  1427.35297143
0.01574  1427.18122857
0.01576  1427.00948571
0.01578  1426.83774286
0.0158  1426.666
0.01582  1426.49425714
0.01584  1426.32251429
0.01586  1426.15077143
0.01588  1425.97902857
0.0159  1425.80728571
0.01592  1425.63554286
0.01594  1425.4638
0.01596  1425.29205714
0.01598  1425.12031429
0.016  1424.94857143
0.01602  1424.77682857
0.01604  1424.60508571
0.01606  1424.43334286
0.01608  1424.2616
0.0161  1424.08985714
0.01612  1423.91811429
0.01614  1423.74637143
0.01616  1423.57462857
0.01618  1423.40288571
0.0162  1423.23114286
0.01622  1423.0594
0.01624  1422.88765714
0.01626  1422.71591429
0.01628  1422.54417143
0.0163  1422.37242857
0.01632  1422.20068571
0.01634  1422.02894286
0.01636  1421.8572
0.01638  1421.68545714
0.0164  1421.51371429
0.01642  1421.34197143
0.01644  1421.17022857
0.01646  1420.99848571
0.01648  1420.82674286
0.0165  1420.655
0.01652  1420.48325714
0.01654  1420.31151429
0.01656  1420.13977143
0.01658  1419.96802857
0.0166  1419.79628571
0.01662  1419.62454286
0.01664  1419.4528
0.01666  1419.28105714
0.01668  1419.10931429
0.0167  1418.93757143
0.01672  1418.76582857
0.01674  1418.59408571
0.01676  1418.42234286
0.01678  1418.2506
0.0168  1418.07885714
0.01682  1417.90711429
0.01684  1417.73537143
0.01686  1417.56362857
0.01688  1417.39188571
0.0169  1417.22014286
0.01692  1417.0484
0.01694  1416.87665714
0.01696  1416.70491429
0.01698  1416.53317143
0.017  1416.36142857
0.01702  1416.18968571
0.01704  1416.01794286
0.01706  1415.8462
0.01708  1415.67445714
0.0171  1415.50271429
0.01712  1415.33097143
0.01714  1415.15922857
0.01716  1414.98748571
0.01718  1414.81574286
0.0172  1414.644
0.01722  1414.47225714
0.01724  1414.30051429
0.01726  1414.12877143
0.01728  1413.95702857
0.0173  1413.78528571
0.01732  1413.61354286
0.01734  1413.4418
0.01736  1413.27005714
0.01738  1413.09831429
0.0174  1412.92657143
0.01742  1412.75482857
0.01744  1412.58308571
0.01746  1412.41134286
0.01748  1412.2396
0.0175  1412.06785714
0.01752  1411.89611429
0.01754  1411.72437143
0.01756  1411.55262857
0.01758  1411.38088571
0.0176  1411.20914286
0.01762  1411.0374
0.01764  1410.86565714
0.01766  1410.69391429
0.01768  1410.52217143
0.0177  1410.35042857
0.01772  1410.17868571
0.01774  1410.00694286
0.01776  1409.8352
0.01778  1409.66345714
0.0178  1409.49171429
0.01782  1409.31997143
0.01784  1409.14822857
0.01786  1408.97648571
0.01788  1408.80474286
0.0179  1408.633
0.01792  1408.46125714
0.01794  1408.28951429
0.01796  1408.11777143
0.01798  1407.94602857
0.018  1407.77428571
0.01802  1407.60254286
0.01804  1407.4308
0.01806  1407.25905714
0.01808  1407.08731429
0.0181  1406.91557143
0.01812  1406.74382857
0.01814  1406.57208571
0.01816  1406.40034286
0.01818  1406.2286
0.0182  1406.05685714
0.01822  1405.88511429
0.01824  1405.71337143
0.01826  1405.54162857
0.01828  1405.36988571
0.0183  1405.19814286
0.01832  1405.0264
0.01834  1404.85465714
0.01836  1404.68291429
0.01838  1404.51117143
0.0184  1404.33942857
0.01842  1404.16768571
0.01844  1403.99594286
0.01846  1403.8242
0.01848  1403.65245714
0.0185  1403.48071429
0.01852  1403.30897143
0.01854  1403.13722857
0.01856  1402.96548571
0.01858  1402.79374286
0.0186  1402.622
0.01862  1402.45025714
0.01864  1402.27851429
0.01866  1402.10677143
0.01868  1401.93502857
0.0187  1401.76328571
0.01872  1401.59154286
0.01874  1401.4198
0.01876  1401.24805714
0.01878  1401.07631429
0.0188  1400.90457143
0.01882  1400.73282857
0.01884  1400.56108571
0.01886  1400.38934286
0.01888  1400.2176
0.0189  1400.04585714
0.01892  1399.87411429
0.01894  1399.70237143
0.01896  1399.53062857
0.01898  1399.35888571
0.019  1399.18714286
0.01902  1399.0154
0.01904  1398.84365714
0.01906  1398.67191429
0.01908  1398.50017143
0.0191  1398.32842857
0.01912  1398.15668571
0.01914  1397.98494286
0.01916  1397.8132
0.01918  1397.64145714
0.0192  1397.46971429
0.01922  1397.29797143
0.01924  1397.12622857
0.01926  1396.95448571
0.01928  1396.78274286
0.0193  1396.611
0.01932  1396.43925714
0.01934  1396.26751429
0.01936  1396.09577143
0.01938  1395.92402857
0.0194  1395.75228571
0.01942  1395.58054286
0.01944  1395.4088
0.01946  1395.23705714
0.01948  1395.06531429
0.0195  1394.89357143
0.01952  1394.72182857
0.01954  1394.55008571
0.01956  1394.37834286
0.01958  1394.2066
0.0196  1394.03485714
0.01962  1393.86311429
0.01964  1393.69137143
0.01966  1393.51962857
0.01968  1393.34788571
0.0197  1393.17614286
0.01972  1393.0044
0.01974  1392.83265714
0.01976  1392.66091429
0.01978  1392.48917143
0.0198  1392.31742857
0.01982  1392.14568571
0.01984  1391.97394286
0.01986  1391.8022
0.01988  1391.63045714
0.0199  1391.45871429
0.01992  1391.28697143
0.01994  1391.11522857
0.01996  1390.94348571
0.01998  1390.77174286
0.02  1390.6
0.02002  1349.77
0.02004  1304.97
0.02006  1256.44
0.02008  1204.36
0.0201  1148.55
0.02012  1089.8
0.02014  1028.44
0.02016  965.083
0.02018  900.225
0.0202  834.94
0.02022  769.833
0.02024  705.662
0.02026  642.985
0.02028  582.912
0.0203  525.519
0.02032  471.259
0.02034  420.843
0.02036  373.949
0.02038  331.034
0.0204  291.959
0.02042  256.632
0.02044  224.897
0.02046  196.619
0.02048  171.424
0.0205  149.136
0.02052  129.455
0.02054  112.305
0.02056  97.2155
0.02058  84.0146
0.0206  72.5522
0.02062  62.5696
0.02064  53.9354
0.02066  48.8997
0.02068  45.0345
0.0207  42.1675
0.02072  40.361
0.02074  39.705
0.02076  39.0595
0.02078  39.4788
0.0208  40.5768
0.02082  42.4089
0.02084  45.5507
0.02086  48.8997
0.02088  54.5503
0.0209  61.1277
0.02092  69.2127
0.02094  79.609
0.02096  91.9536
0.02098  107.217
0.021  126.774
0.02102  147.341
0.02104  172.509
0.02106  203.437
0.02108  236.726
0.0211  273.209
0.02112  312.81
0.02114  356.605
0.02116  404.745
0.02118  453.527
0.0212  509.507
0.02122  561.143
0.02124  617.454
0.02126  664.651
0.02128  722.145
0.0213  771.641
0.02132  824
0.02134  869.431
0.02136  919.532
0.02138  959.867
0.0214  999.225
0.02142  1038.56
0.02144  1072.14
0.02146  1107.39
0.02148  1135.39
0.0215  1160.4
0.02152  1185.1
0.02154  1206.96
0.02156  1226.39
0.02158  1241.57
0.0216  1262.17
0.02162  1274.86
0.02164  1290.71
0.02166  1304.49
0.02168  1314.59
0.0217  1327.91
0.02172  1334.45
0.02174  1343.98
0.02176  1351.83
0.02178  1361.13
0.0218  1370.15
0.02182  1377.55
0.02184  1383.32
0.02186  1386.33
0.02188  1391.98
0.0219  1397.65
0.02192  1401.89
0.02194  1405.99
0.02196  1410.05
0.02198  1414.07
0.022  1418.03
0.02202  1418.03
0.02204  1420.59
0.02206  1421.96
0.02208  1428.52
0.0221  1428.52
0.02212  1431
0.02214  1432.33
0.02216  1434.78
0.02218  1433.64
0.0222  1436.09
0.02222  1438.6
0.02224  1441.1
0.02226  1439.81
0.02228  1441.1
0.0223  1441.1
0.02232  1444.76
0.02234  1443.48
0.02236  1443.48
0.02238  1443.48
0.0224  1445.94
0.02242  1445.94
0.02244  1448.38
0.02246  1448.38
0.02248  1447.2
0.0225  1449.63
0.02252  1449.63
0.02254  1447.2
0.02256  1448.38
0.02258  1448.38
0.0226  1448.38
0.02262  1449.63
0.02264  1449.63
0.02266  1449.63
0.02268  1450.71
0.0227  1448.38
0.02272  1449.63
0.02274  1448.38
0.02276  1449.63
0.02278  1449.63
0.0228  1450.71
0.02282  1449.63
0.02284  1451.95
0.02286  1451.95
0.02288  1448.38
0.0229  1451.95
0.02292  1449.63
0.02294  1450.71
0.02296  1449.63
0.02298  1448.38
0.023  1450.71
0.02302  1450.53825714
0.02304  1450.36651429
0.02306  1450.19477143
0.02308  1450.02302857
0.0231  1449.85128571
0.02312  1449.67954286
0.02314  1449.5078
0.02316  1449.33605714
0.02318  1449.16431429
0.0232  1448.99257143
0.02322  1448.82082857
0.02324  1448.64908571
0.02326  1448.47734286
0.02328  1448.3056
0.0233  1448.13385714
0.02332  1447.96211429
0.02334  1447.79037143
0.02336  1447.61862857
0.02338  1447.44688571
0.0234  1447.27514286
0.02342  1447.1034
0.02344  1446.93165714
0.02346  1446.75991429
0.02348  1446.58817143
0.0235  1446.41642857
0.02352  1446.24468571
0.02354  1446.07294286
0.02356  1445.9012
0.02358  1445.72945714
0.0236  1445.55771429
0.02362  1445.38597143
0.02364  1445.21422857
0.02366  1445.04248571
0.02368  1444.87074286
0.0237  1444.699
0.02372  1444.52725714
0.02374  1444.35551429
0.02376  1444.18377143
0.02378  1444.01202857
0.0238  1443.84028571
0.02382  1443.66854286
0.02384  1443.4968
0.02386  1443.32505714
0.02388  1443.15331429
0.0239  1442.98157143
0.02392  1442.80982857
0.02394  1442.63808571
0.02396  1442.46634286
0.02398  1442.2946
0.024  1442.12285714
0.02402  1441.95111429
0.02404  1441.77937143
0.02406  1441.60762857
0.02408  1441.43588571
0.0241  1441.26414286
0.02412  1441.0924
0.02414  1440.92065714
0.02416  1440.74891429
0.02418  1440.57717143
0.0242  1440.40542857
0.02422  1440.23368571
0.02424  1440.06194286
0.02426  1439.8902
0.02428  1439.71845714
0.0243  1439.54671429
0.02432  1439.37497143
0.02434  1439.20322857
0.02436  1439.03148571
0.02438  1438.85974286
0.0244  1438.688
0.02442  1438.51625714
0.02444  1438.34451429
0.02446  1438.17277143
0.02448  1438.00102857
0.0245  1437.82928571
0.02452  1437.65754286
0.02454  1437.4858
0.02456  1437.31405714
0.02458  1437.14231429
0.0246  1436.97057143
0.02462  1436.79882857
0.02464  1436.62708571
0.02466  1436.45534286
0.02468  1436.2836
0.0247  1436.11185714
0.02472  1435.94011429
0.02474  1435.76837143
0.02476  1435.59662857
0.02478  1435.42488571
0.0248  1435.25314286
0.02482  1435.0814
0.02484  1434.90965714
0.02486  1434.73791429
0.02488  1434.56617143
0.0249  1434.39442857
0.02492  1434.22268571
0.02494  1434.05094286
0.02496  1433.8792
0.02498  1433.70745714
0.025  1433.53571429
0.02502  1433.36397143
0.02504  1433.19222857
0.02506  1433.02048571
0.02508  1432.84874286
0.0251  1432.677
0.02512  1432.50525714
0.02514  1432.33351429
0.02516  1432.16177143
0.02518  1431.99002857
0.0252  1431.81828571
0.02522  1431.64654286
0.02524  1431.4748
0.02526  1431.30305714
0.02528  1431.13131429
0.0253  1430.95957143
0.02532  1430.78782857
0.02534  1430.61608571
0.02536  1430.44434286
0.02538  1430.2726
0.0254  1430.10085714
0.02542  1429.92911429
0.02544  1429.75737143
0.02546  1429.58562857
0.02548  1429.41388571
0.0255  1429.24214286
0.02552  1429.0704
0.02554  1428.89865714
0.02556  1428.72691429
0.02558  1428.55517143
0.0256  1428.38342857
0.02562  1428.21168571
0.02564  1428.03994286
0.02566  1427.8682
0.02568  1427.69645714
0.0257  1427.52471429
0.02572  1427.35297143
0.02574  1427.18122857
0.02576  1427.00948571
0.02578  1426.83774286
0.0258  1426.666
0.02582  1426.49425714
0.02584  1426.32251429
0.02586  1426.15077143
0.02588  1425.97902857
0.0259  1425.80728571
0.02592  1425.63554286
0.02594  1425.4638
0.02596  1425.29205714
0.02598  1425.12031429
0.026  1424.94857143
0.02602  1424.77682857
0.02604  1424.60508571
0.02606  1424.43334286
0.02608  1424.2616
0.0261  1424.08985714
0.02612  1423.91811429
0.02614  1423.74637143
0.02616  1423.57462857
0.02618  1423.40288571
0.0262  1423.23114286
0.02622  1423.0594
0.02624  1422.88765714
0.02626  1422.71591429
0.02628  1422.54417143
0.0263  1422.37242857
0.02632  1422.20068571
0.02634  1422.02894286
0.02636  1421.8572
0.02638  1421.68545714
0.0264  1421.51371429
0.02642  1421.34197143
0.02644  1421.17022857
0.02646  1420.99848571
0.02648  1420.82674286
0.0265  1420.655
0.02652  1420.48325714
0.02654  1420.31151429
0.02656  1420.13977143
0.02658  1419.96802857
0.0266  1419.79628571
0.02662  1419.62454286
0.02664  1419.4528
0.02666  1419.28105714
0.02668  1419.10931429
0.0267  1418.93757143
0.02672  1418.76582857
0.02674  1418.59408571
0.02676  1418.42234286
0.02678  1418.2506
0.0268  1418.07885714
0.02682  1417.90711429
0.02684  1417.73537143
0.02686  1417.56362857
0.02688  1417.39188571
0.0269  1417.22014286
0.02692  1417.0484
0.02694  1416.87665714
0.02696  1416.70491429
0.02698  1416.53317143
0.027  1416.36142857
0.02702  1416.18968571
0.02704  1416.01794286
0.02706  1415.8462
0.02708  1415.67445714
0.0271  1415.50271429
0.02712  1415.33097143
0.02714  1415.15922857
0.02716  1414.98748571
0.02718  1414.81574286
0.0272  1414.644
0.02722  1414.47225714
0.02724  1414.30051429
0.02726  1414.12877143
0.02728  1413.95702857
0.0273  1413.78528571
0.02732  1413.61354286
0.02734  1413.4418
0.02736  1413.27005714
0.02738  1413.09831429
0.0274  1412.92657143
0.02742  1412.75482857
0.02744  1412.58308571
0.02746  1412.41134286
0.02748  1412.2396
0.0275  1412.06785714
0.02752  1411.89611429
0.02754  1411.72437143
0.02756  1411.55262857
0.02758  1411.38088571
0.0276  1411.20914286
0.02762  1411.0374
0.02764  1410.86565714
0.02766  1410.69391429
0.02768  1410.52217143
0.0277  1410.35042857
0.02772  1410.17868571
0.02774  1410.00694286
0.02776  1409.8352
0.02778  1409.66345714
0.0278  1409.49171429
0.02782  1409.31997143
0.02784  1409.14822857
0.02786  1408.97648571
0.02788  1408.80474286
0.0279  1408.633
0.02792  1408.46125714
0.02794  1408.28951429
0.02796  1408.11777143
0.02798  1407.94602857
0.028  1407.77428571
0.02802  1407.60254286
0.02804  1407.4308
0.02806  1407.25905714
0.02808  1407.08731429
0.0281  1406.91557143
0.02812  1406.74382857
0.02814  1406.57208571
0.02816  1406.40034286
0.02818  1406.2286
0.0282  1406.05685714
0.02822  1405.88511429
0.02824  1405.71337143
0.02826  1405.54162857
0.02828  1405.36988571
0.0283  1405.19814286
0.02832  1405.0264
0.02834  1404.85465714
0.02836  1404.68291429
0.02838  1404.51117143
0.0284  1404.33942857
0.02842  1404.16768571
0.02844  1403.99594286
0.02846  1403.8242
0.02848  1403.65245714
0.0285  1403.48071429
0.02852  1403.30897143
0.02854  1403.13722857
0.02856  1402.96548571
0.02858  1402.79374286
0.0286  1402.622
0.02862  1402.45025714
0.02864  1402.27851429
0.02866  1402.10677143
0.02868  1401.93502857
0.0287  1401.76328571
0.02872  1401.59154286
0.02874  1401.4198
0.02876  1401.24805714
0.02878  1401.07631429
0.0288  1400.90457143
0.02882  1400.73282857
0.02884  1400.56108571
0.02886  1400.38934286
0.02888  1400.2176
0.0289  1400.04585714
0.02892  1399.87411429
0.02894  1399.70237143
0.02896  1399.53062857
0.02898  1399.35888571
0.029  1399.18714286
0.02902  1399.0154
0.02904  1398.84365714
0.02906  1398.67191429
0.02908  1398.50017143
0.0291  1398.32842857
0.02912  1398.15668571
0.02914  1397.98494286
0.02916  1397.8132
0.02918  1397.64145714
0.0292  1397.46971429
0.02922  1397.29797143
0.02924  1397.12622857
0.02926  1396.95448571
0.02928  1396.78274286
0.0293  1396.611
0.02932  1396.43925714
0.02934  1396.26751429
0.02936  1396.09577143
0.02938  1395.92402857
0.0294  1395.75228571
0.02942  1395.58054286
0.02944  1395.4088
0.02946  1395.23705714
0.02948  1395.06531429
0.0295  1394.89357143
0.02952  1394.72182857
0.02954  1394.55008571
0.02956  1394.37834286
0.02958  1394.2066
0.0296  1394.03485714
0.02962  1393.86311429
0.02964  1393.69137143
0.02966  1393.51962857
0.02968  1393.34788571
0.0297  1393.17614286
0.02972  1393.0044
0.02974  1392.83265714
0.02976  1392.66091429
0.02978  1392.48917143
0.0298  1392.31742857
0.02982  1392.14568571
0.02984  1391.97394286
0.02986  1391.8022
0.02988  1391.63045714
0.0299  1391.45871429
0.02992  1391.28697143
0.02994  1391.11522857
0.02996  1390.94348571
0.02998  1390.77174286
0.03  1390.6
0.03002  1349.77
0.03004  1304.97
0.03006  1256.44
0.03008  1204.36
0.0301  1148.55
0.03012  1089.8
0.03014  1028.44
0.03016  965.083
0.03018  900.225
0.0302  834.94
0.03022  769.833
0.03024  705.662
0.03026  642.985
0.03028  582.912
0.0303  525.519
0.03032  471.259
0.03034  420.843
0.03036  373.949
0.03038  331.034
0.0304  291.959
0.03042  256.632
0.03044  224.897
0.03046  196.619
0.03048  171.424
0.0305  149.136
0.03052  129.455
0.03054  112.305
0.03056  97.2155
0.03058  84.0146
0.0306  72.5522
0.03062  62.5696
0.03064  53.9354
0.03066  48.8997
0.03068  45.0345
0.0307  42.1675
0.03072  40.361
0.03074  39.705
0.03076  39.0595
0.03078  39.4788
0.0308  40.5768
0.03082  42.4089
0.03084  45.5507
0.03086  48.8997
0.03088  54.5503
0.0309  61.1277
0.03092  69.2127
0.03094  79.609
0.03096  91.9536
0.03098  107.217
0.031  126.774
0.03102  147.341
0.03104  172.509
0.03106  203.437
0.03108  236.726
0.0311  273.209
0.03112  312.81
0.03114  356.605
0.03116  404.745
0.03118  453.527
0.0312  509.507
0.03122  561.143
0.03124  617.454
0.03126  664.651
0.03128  722.145
0.0313  771.641
0.03132  824
0.03134  869.431
0.03136  919.532
0.03138  959.867
0.0314  999.225
0.03142  1038.56
0.03144  1072.14
0.03146  1107.39
0.03148  1135.39
0.0315  1160.4
0.03152  1185.1
0.03154  1206.96
0.03156  1226.39
0.03158  1241.57
0.0316  1262.17
0.03162  1274.86
0.03164  1290.71
0.03166  1304.49
0.03168  1314.59
0.0317  1327.91
0.03172  1334.45
0.03174  1343.98
0.03176  1351.83
0.03178  1361.13
0.0318  1370.15
0.03182  1377.55
0.03184  1383.32
0.03186  1386.33
0.03188  1391.98
0.0319  1397.65
0.03192  1401.89
0.03194  1405.99
0.03196  1410.05
0.03198  1414.07
0.032  1418.03
0.03202  1418.03
0.03204  1420.59
0.03206  1421.96
0.03208  1428.52
0.0321  1428.52
0.03212  1431
0.03214  1432.33
0.03216  1434.78
0.03218  1433.64
0.0322  1436.09
0.03222  1438.6
0.03224  1441.1
0.03226  1439.81
0.03228  1441.1
0.0323  1441.1
0.03232  1444.76
0.03234  1443.48
0.03236  1443.48
0.03238  1443.48
0.0324  1445.94
0.03242  1445.94
0.03244  1448.38
0.03246  1448.38
0.03248  1447.2
0.0325  1449.63
0.03252  1449.63
0.03254  1447.2
0.03256  1448.38
0.03258  1448.38
0.0326  1448.38
0.03262  1449.63
0.03264  1449.63
0.03266  1449.63
0.03268  1450.71
0.0327  1448.38
0.03272  1449.63
0.03274  1448.38
0.03276  1449.63
0.03278  1449.63
0.0328  1450.71
0.03282  1449.63
0.03284  1451.95
0.03286  1451.95
0.03288  1448.38
0.0329  1451.95
0.03292  1449.63
0.03294  1450.71
0.03296  1449.63
0.03298  1448.38
0.033  1450.71
0.03302  1450.53825714
0.03304  1450.36651429
0.03306  1450.19477143
0.03308  1450.02302857
0.0331  1449.85128571
0.03312  1449.67954286
0.03314  1449.5078
0.03316  1449.33605714
0.03318  1449.16431429
0.0332  1448.99257143
0.03322  1448.82082857
0.03324  1448.64908571
0.03326  1448.47734286
0.03328  1448.3056
0.0333  1448.13385714
0.03332  1447.96211429
0.03334  1447.79037143
0.03336  1447.61862857
0.03338  1447.44688571
0.0334  1447.27514286
0.03342  1447.1034
0.03344  1446.93165714
0.03346  1446.75991429
0.03348  1446.58817143
0.0335  1446.41642857
0.03352  1446.24468571
0.03354  1446.07294286
0.03356  1445.9012
0.03358  1445.72945714
0.0336  1445.55771429
0.03362  1445.38597143
0.03364  1445.21422857
0.03366  1445.04248571
0.03368  1444.87074286
0.0337  1444.699
0.03372  1444.52725714
0.03374  1444.35551429
0.03376  1444.18377143
0.03378  1444.01202857
0.0338  1443.84028571
0.03382  1443.66854286
0.03384  1443.4968
0.03386  1443.32505714
0.03388  1443.15331429
0.0339  1442.98157143
0.03392  1442.80982857
0.03394  1442.63808571
0.03396  1442.46634286
0.03398  1442.2946
0.034  1442.12285714
0.03402  1441.95111429
0.03404  1441.77937143
0.03406  1441.60762857
0.03408  1441.43588571
0.0341  1441.26414286
0.03412  1441.0924
0.03414  1440.92065714
0.03416  1440.74891429
0.03418  1440.57717143
0.0342  1440.40542857
0.03422  1440.23368571
0.03424  1440.06194286
0.03426  1439.8902
0.03428  1439.71845714
0.0343  1439.54671429
0.03432  1439.37497143
0.03434  1439.20322857
0.03436  1439.03148571
0.03438  1438.85974286
0.0344  1438.688
0.03442  1438.51625714
0.03444  1438.34451429
0.03446  1438.17277143
0.03448  1438.00102857
0.0345  1437.82928571
0.03452  1437.65754286
0.03454  1437.4858
0.03456  1437.31405714
0.03458  1437.14231429
0.0346  1436.97057143
0.03462  1436.79882857
0.03464  1436.62708571
0.03466  1436.45534286
0.03468  1436.2836
0.0347  1436.11185714
0.03472  1435.94011429
0.03474  1435.76837143
0.03476  1435.59662857
0.03478  1435.42488571
0.0348  1435.25314286
0.03482  1435.0814
0.03484  1434.90965714
0.03486  1434.73791429
0.03488  1434.56617143
0.0349  1434.39442857
0.03492  1434.22268571
0.03494  1434.05094286
0.03496  1433.8792
0.03498  1433.70745714
0.035  1433.53571429
0.03502  1433.36397143
0.03504  1433.19222857
0.03506  1433.02048571
0.03508  1432.84874286
0.0351  1432.677
0.03512  1432.50525714
0.03514  1432.33351429
0.03516  1432.16177143
0.03518  1431.99002857
0.0352  1431.81828571
0.03522  1431.64654286
0.03524  1431.4748
0.03526  1431.30305714
0.03528  1431.13131429
0.0353  1430.95957143
0.03532  1430.78782857
0.03534  1430.61608571
0.03536  1430.44434286
0.03538  1430.2726
0.0354  1430.10085714
0.03542  1429.92911429
0.03544  1429.75737143
0.03546  1429.58562857
0.03548  1429.41388571
0.0355  1429.24214286
0.03552  1429.0704
0.03554  1428.89865714
0.03556  1428.72691429
0.03558  1428.55517143
0.0356  1428.38342857
0.03562  1428.21168571
0.03564  1428.03994286
0.03566  1427.8682
0.03568  1427.69645714
0.0357  1427.52471429
0.03572  1427.35297143
0.03574  1427.18122857
0.03576  1427.00948571
0.03578  1426.83774286
0.0358  1426.666
0.03582  1426.49425714
0.03584  1426.32251429
0.03586  1426.15077143
0.03588  1425.97902857
0.0359  1425.80728571
0.03592  1425.63554286
0.03594  1425.4638
0.03596  1425.29205714
0.03598  1425.12031429
0.036  1424.94857143
0.03602  1424.77682857
0.03604  1424.60508571
0.03606  1424.43334286
0.03608  1424.2616
0.0361  1424.08985714
0.03612  1423.91811429
0.03614  1423.74637143
0.03616  1423.57462857
0.03618  1423.40288571
0.0362  1423.23114286
0.03622  1423.0594
0.03624  1422.88765714
0.03626  1422.71591429
0.03628  1422.54417143
0.0363  1422.37242857
0.03632  1422.20068571
0.03634  1422.02894286
0.03636  1421.8572
0.03638  1421.68545714
0.0364  1421.51371429
0.03642  1421.34197143
0.03644  1421.17022857
0.03646  1420.99848571
0.03648  1420.82674286
0.0365  1420.655
0.03652  1420.48325714
0.03654  1420.31151429
0.03656  1420.13977143
0.03658  1419.96802857
0.0366  1419.79628571
0.03662  1419.62454286
0.03664  1419.4528
0.03666  1419.28105714
0.03668  1419.10931429
0.0367  1418.93757143
0.03672  1418.76582857
0.03674  1418.59408571
0.03676  1418.42234286
0.03678  1418.2506
0.0368  1418.07885714
0.03682  1417.90711429
0.03684  1417.73537143
0.03686  1417.56362857
0.03688  1417.39188571
0.0369  1417.22014286
0.03692  1417.0484
0.03694  1416.87665714
0.03696  1416.70491429
0.03698  1416.53317143
0.037  1416.36142857
0.03702  1416.18968571
0.03704  1416.01794286
0.03706  1415.8462
0.03708  1415.67445714
0.0371  1415.50271429
0.03712  1415.33097143
0.03714  1415.15922857
0.03716  1414.98748571
0.03718  1414.81574286
0.0372  1414.644
0.03722  1414.47225714
0.03724  1414.30051429
0.03726  1414.12877143
0.03728  1413.95702857
0.0373  1413.78528571
0.03732  1413.61354286
0.03734  1413.4418
0.03736  1413.27005714
0.03738  1413.09831429
0.0374  1412.92657143
0.03742  1412.75482857
0.03744  1412.58308571
0.03746  1412.41134286
0.03748  1412.2396
0.0375  1412.06785714
0.03752  1411.89611429
0.03754  1411.72437143
0.03756  1411.55262857
0.03758  1411.38088571
0.0376  1411.20914286
0.03762  1411.0374
0.03764  1410.86565714
0.03766  1410.69391429
0.03768  1410.52217143
0.0377  1410.35042857
0.03772  1410.17868571
0.03774  1410.00694286
0.03776  1409.8352
0.03778  1409.66345714
0.0378  1409.49171429
0.03782  1409.31997143
0.03784  1409.14822857
0.03786  1408.97648571
0.03788  1408.80474286
0.0379  1408.633
0.03792  1408.46125714
0.03794  1408.28951429
0.03796  1408.11777143
0.03798  1407.94602857
0.038  1407.77428571
0.03802  1407.60254286
0.03804  1407.4308
0.03806  1407.25905714
0.03808  1407.08731429
0.0381  1406.91557143
0.03812  1406.74382857
0.03814  1406.57208571
0.03816  1406.40034286
0.03818  1406.2286
0.0382  1406.05685714
0.03822  1405.88511429
0.03824  1405.71337143
0.03826  1405.54162857
0.03828  1405.36988571
0.0383  1405.19814286
0.03832  1405.0264
0.03834  1404.85465714
0.03836  1404.68291429
0.03838  1404.51117143
0.0384  1404.33942857
0.03842  1404.16768571
0.03844  1403.99594286
0.03846  1403.8242
0.03848  1403.65245714
0.0385  1403.48071429
0.03852  1403.30897143
0.03854  1403.13722857
0.03856  1402.96548571
0.03858  1402.79374286
0.0386  1402.622
0.03862  1402.45025714
0.03864  1402.27851429
0.03866  1402.10677143
0.03868  1401.93502857
0.0387  1401.76328571
0.03872  1401.59154286
0.03874  1401.4198
0.03876  1401.24805714
0.03878  1401.07631429
0.0388  1400.90457143
0.03882  1400.73282857
0.03884  1400.56108571
0.03886  1400.38934286
0.03888  1400.2176
0.0389  1400.04585714
0.03892  1399.87411429
0.03894  1399.70237143
0.03896  1399.53062857
0.03898  1399.35888571
0.039  1399.18714286
0.03902  1399.0154
0.03904  1398.84365714
0.03906  1398.67191429
0.03908  1398.50017143
0.0391  1398.32842857
0.03912  1398.15668571
0.03914  1397.98494286
0.03916  1397.8132
0.03918  1397.64145714
0.0392  1397.46971429
0.03922  1397.29797143
0.03924  1397.12622857
0.03926  1396.95448571
0.03928  1396.78274286
0.0393  1396.611
0.03932  1396.43925714
0.03934  1396.26751429
0.03936  1396.09577143
0.03938  1395.92402857
0.0394  1395.75228571
0.03942  1395.58054286
0.03944  1395.4088
0.03946  1395.23705714
0.03948  1395.06531429
0.0395  1394.89357143
0.03952  1394.72182857
0.03954  1394.55008571
0.03956  1394.37834286
0.03958  1394.2066
0.0396  1394.03485714
0.03962  1393.86311429
0.03964  1393.69137143
0.03966  1393.51962857
0.03968  1393.34788571
0.0397  1393.17614286
0.03972  1393.0044
0.03974  1392.83265714
0.03976  1392.66091429
0.03978  1392.48917143
0.0398  1392.31742857
0.03982  1392.14568571
0.03984  1391.97394286
0.03986  1391.8022
0.03988  1391.63045714
0.0399  1391.45871429
0.03992  1391.28697143
0.03994  1391.11522857
0.03996  1390.94348571
0.03998  1390.77174286
0.04  1390.6
0.04002  1349.77
0.04004  1304.97
0.04006  1256.44
0.04008  1204.36
0.0401  1148.55
0.04012  1089.8
0.04014  1028.44
0.04016  965.083
0.04018  900.225
0.0402  834.94
0.04022  769.833
0.04024  705.662
0.04026  642.985
0.04028  582.912
0.0403  525.519
0.04032  471.259
0.04034  420.843
0.04036  373.949
0.04038  331.034
0.0404  291.959
0.04042  256.632
0.04044  224.897
0.04046  196.619
0.04048  171.424
0.0405  149.136
0.04052  129.455
0.04054  112.305
0.04056  97.2155
0.04058  84.0146
0.0406  72.5522
0.04062  62.5696
0.04064  53.9354
0.04066  48.8997
0.04068  45.0345
0.0407  42.1675
0.04072  40.361
0.04074  39.705
0.04076  39.0595
0.04078  39.4788
0.0408  40.5768
0.04082  42.4089
0.04084  45.5507
0.04086  48.8997
0.04088  54.5503
0.0409  61.1277
0.04092  69.2127
0.04094  79.609
0.04096  91.9536
0.04098  107.217
0.041  126.774
0.04102  147.341
0.04104  172.509
0.04106  203.437
0.04108  236.726
0.0411  273.209
0.04112  312.81
0.04114  356.605
0.04116  404.745
0.04118  453.527
0.0412  509.507
0.04122  561.143
0.04124  617.454
0.04126  664.651
0.04128  722.145
0.0413  771.641
0.04132  824
0.04134  869.431
0.04136  919.532
0.04138  959.867
0.0414  999.225
0.04142  1038.56
0.04144  1072.14
0.04146  1107.39
0.04148  1135.39
0.0415  1160.4
0.04152  1185.1
0.04154  1206.96
0.04156  1226.39
0.04158  1241.57
0.0416  1262.17
0.04162  1274.86
0.04164  1290.71
0.04166  1304.49
0.04168  1314.59
0.0417  1327.91
0.04172  1334.45
0.04174  1343.98
0.04176  1351.83
0.04178  1361.13
0.0418  1370.15
0.04182  1377.55
0.04184  1383.32
0.04186  1386.33
0.04188  1391.98
0.0419  1397.65
0.04192  1401.89
0.04194  1405.99
0.04196  1410.05
0.04198  1414.07
0.042  1418.03
0.04202  1418.03
0.04204  1420.59
0.04206  1421.96
0.04208  1428.52
0.0421  1428.52
0.04212  1431
0.04214  1432.33
0.04216  1434.78
0.04218  1433.64
0.0422  1436.09
0.04222  1438.6
0.04224  1441.1
0.04226  1439.81
0.04228  1441.1
0.0423  1441.1
0.04232  1444.76
0.04234  1443.48
0.04236  1443.48
0.04238  1443.48
0.0424  1445.94
0.04242  1445.94
0.04244  1448.38
0.04246  1448.38
0.04248  1447.2
0.0425  1449.63
0.04252  1449.63
0.04254  1447.2
0.04256  1448.38
0.04258  1448.38
0.0426  1448.38
0.04262  1449.63
0.04264  1449.63
0.04266  1449.63
0.04268  1450.71
0.0427  1448.38
0.04272  1449.63
0.04274  1448.38
0.04276  1449.63
0.04278  1449.63
0.0428  1450.71
0.04282  1449.63
0.04284  1451.95
0.04286  1451.95
0.04288  1448.38
0.0429  1451.95
0.04292  1449.63
0.04294  1450.71
0.04296  1449.63
0.04298  1448.38
0.043  1450.71
